"year","global mean SC","2s.d. error range","smoothed global mean SC, by LOWESS with span width of 240 month"
1940.000,-0.05248,0.04246,-0.03548
1940.083,-0.03651,0.04137,-0.03552
1940.167,-0.03516,0.04078,-0.03557
1940.250,-0.04175,0.04013,-0.03562
1940.333,-0.04595,0.04014,-0.03567
1940.417,-0.04783,0.04176,-0.03572
1940.500,-0.03712,0.04121,-0.03576
1940.583,-0.04221,0.04244,-0.03581
1940.667,-0.04367,0.04138,-0.03587
1940.750,-0.04890,0.04084,-0.03592
1940.833,-0.04387,0.04092,-0.03597
1940.917,-0.04409,0.03924,-0.03602
1941.000,-0.05207,0.03930,-0.03608
1941.083,-0.05229,0.04142,-0.03613
1941.167,-0.05411,0.04261,-0.03619
1941.250,-0.05826,0.04253,-0.03624
1941.333,-0.05095,0.04097,-0.03630
1941.417,-0.06070,0.04148,-0.03636
1941.500,-0.06936,0.04234,-0.03642
1941.583,-0.06160,0.04408,-0.03648
1941.667,-0.06039,0.04639,-0.03654
1941.750,-0.05492,0.04779,-0.03660
1941.833,-0.05542,0.04828,-0.03666
1941.917,-0.05750,0.05123,-0.03672
1942.000,-0.04902,0.05079,-0.03678
1942.083,-0.05595,0.05172,-0.03685
1942.167,-0.05025,0.05466,-0.03691
1942.250,-0.04232,0.05515,-0.03697
1942.333,-0.03678,0.05497,-0.03704
1942.417,-0.03002,0.04998,-0.03711
1942.500,-0.02905,0.04844,-0.03717
1942.583,-0.02723,0.05110,-0.03724
1942.667,-0.02911,0.05240,-0.03731
1942.750,-0.03129,0.05340,-0.03738
1942.833,-0.03160,0.05344,-0.03745
1942.917,-0.03457,0.05332,-0.03752
1943.000,-0.03460,0.05193,-0.03759
1943.083,-0.03086,0.04993,-0.03766
1943.167,-0.01184,0.05107,-0.03773
1943.250,-0.00746,0.05403,-0.03780
1943.333,-0.03491,0.05601,-0.03787
1943.417,-0.03295,0.05327,-0.03794
1943.500,-0.02666,0.05241,-0.03802
1943.583,-0.02396,0.05062,-0.03809
1943.667,-0.02726,0.05250,-0.03816
1943.750,-0.01338,0.05308,-0.03824
1943.833,-0.01758,0.05358,-0.03831
1943.917,-0.02662,0.05583,-0.03838
1944.000,-0.02412,0.05550,-0.03846
1944.083,-0.02544,0.05623,-0.03853
1944.167,-0.02275,0.05593,-0.03861
1944.250,-0.02693,0.05814,-0.03869
1944.333,-0.02660,0.05750,-0.03876
1944.417,-0.02884,0.05629,-0.03884
1944.500,-0.03290,0.05471,-0.03891
1944.583,-0.02220,0.05714,-0.03899
1944.667,-0.03124,0.05662,-0.03907
1944.750,-0.03040,0.05843,-0.03915
1944.833,-0.03205,0.06094,-0.03922
1944.917,-0.02703,0.06011,-0.03930
1945.000,-0.02704,0.05903,-0.03938
1945.083,-0.04107,0.05869,-0.03946
1945.167,-0.04540,0.05837,-0.03954
1945.250,-0.04209,0.05869,-0.03961
1945.333,-0.04167,0.05883,-0.03969
1945.417,-0.04151,0.05797,-0.03977
1945.500,-0.04024,0.05924,-0.03985
1945.583,-0.04851,0.05798,-0.03993
1945.667,-0.05052,0.05780,-0.04001
1945.750,-0.04513,0.05750,-0.04009
1945.833,-0.04732,0.05715,-0.04017
1945.917,-0.05129,0.05584,-0.04025
1946.000,-0.04984,0.05601,-0.04033
1946.083,-0.03988,0.05466,-0.04041
1946.167,-0.04642,0.04735,-0.04049
1946.250,-0.03480,0.04756,-0.04057
1946.333,-0.03476,0.04856,-0.04065
1946.417,-0.03928,0.04535,-0.04073
1946.500,-0.03434,0.04380,-0.04081
1946.583,-0.04234,0.04406,-0.04089
1946.667,-0.03650,0.04406,-0.04097
1946.750,-0.03360,0.04411,-0.04106
1946.833,-0.03858,0.04224,-0.04114
1946.917,-0.02432,0.04200,-0.04122
1947.000,-0.01327,0.04266,-0.04130
1947.083,-0.01980,0.04482,-0.04138
1947.167,-0.01283,0.04423,-0.04146
1947.250,-0.00856,0.04337,-0.04154
1947.333,-0.01494,0.04229,-0.04162
1947.417,-0.02803,0.03682,-0.04170
1947.500,-0.02424,0.03665,-0.04179
1947.583,-0.02694,0.03466,-0.04187
1947.667,-0.02224,0.03586,-0.04195
1947.750,-0.03166,0.03443,-0.04203
1947.833,-0.03384,0.03240,-0.04211
1947.917,-0.02620,0.03203,-0.04219
1948.000,-0.03883,0.03435,-0.04227
1948.083,-0.03840,0.03746,-0.04235
1948.167,-0.03628,0.03594,-0.04244
1948.250,-0.05562,0.03600,-0.04252
1948.333,-0.05432,0.03514,-0.04260
1948.417,-0.04003,0.03309,-0.04268
1948.500,-0.02690,0.03263,-0.04277
1948.583,-0.03152,0.03514,-0.04285
1948.667,-0.02419,0.03674,-0.04294
1948.750,-0.02435,0.03633,-0.04302
1948.833,-0.02531,0.03778,-0.04311
1948.917,-0.03480,0.03892,-0.04319
1949.000,-0.03548,0.03659,-0.04328
1949.083,-0.04063,0.03776,-0.04337
1949.167,-0.03687,0.03641,-0.04347
1949.250,-0.03956,0.03602,-0.04356
1949.333,-0.04037,0.03502,-0.04366
1949.417,-0.04516,0.03537,-0.04376
1949.500,-0.04744,0.03464,-0.04387
1949.583,-0.05390,0.03496,-0.04397
1949.667,-0.04665,0.03585,-0.04409
1949.750,-0.04375,0.03399,-0.04421
1949.833,-0.05099,0.03341,-0.04434
1949.917,-0.05759,0.03368,-0.04447
1950.000,-0.06621,0.03542,-0.04461
1950.083,-0.07023,0.03917,-0.04479
1950.167,-0.07209,0.04022,-0.04497
1950.250,-0.04783,0.04091,-0.04515
1950.333,-0.04849,0.03959,-0.04533
1950.417,-0.05938,0.03681,-0.04551
1950.500,-0.05886,0.03512,-0.04570
1950.583,-0.05711,0.03538,-0.04588
1950.667,-0.05153,0.03532,-0.04607
1950.750,-0.04491,0.03503,-0.04626
1950.833,-0.05541,0.03505,-0.04645
1950.917,-0.05148,0.03516,-0.04665
1951.000,-0.05237,0.03659,-0.04684
1951.083,-0.02885,0.03926,-0.04703
1951.167,-0.03984,0.04069,-0.04723
1951.250,-0.03860,0.04087,-0.04742
1951.333,-0.05028,0.04096,-0.04762
1951.417,-0.04179,0.04041,-0.04781
1951.500,-0.03928,0.03919,-0.04801
1951.583,-0.03965,0.04029,-0.04820
1951.667,-0.04057,0.03999,-0.04839
1951.750,-0.04281,0.04214,-0.04858
1951.833,-0.05946,0.04273,-0.04877
1951.917,-0.07257,0.04629,-0.04897
1952.000,-0.05686,0.04714,-0.04915
1952.083,-0.05247,0.04930,-0.04934
1952.167,-0.03554,0.04906,-0.04953
1952.250,-0.04698,0.04544,-0.04972
1952.333,-0.05140,0.04482,-0.04990
1952.417,-0.06324,0.04377,-0.05009
1952.500,-0.05436,0.04261,-0.05027
1952.583,-0.05882,0.04147,-0.05046
1952.667,-0.04978,0.04231,-0.05064
1952.750,-0.06032,0.04312,-0.05082
1952.833,-0.07060,0.04384,-0.05100
1952.917,-0.05585,0.04529,-0.05119
1953.000,-0.05903,0.04628,-0.05137
1953.083,-0.05600,0.04819,-0.05155
1953.167,-0.05178,0.04828,-0.05173
1953.250,-0.05910,0.04702,-0.05191
1953.333,-0.05541,0.04798,-0.05208
1953.417,-0.05044,0.04430,-0.05226
1953.500,-0.04557,0.04137,-0.05244
1953.583,-0.03448,0.04015,-0.05262
1953.667,-0.04337,0.03859,-0.05280
1953.750,-0.04037,0.03849,-0.05297
1953.833,-0.04383,0.03716,-0.05315
1953.917,-0.03832,0.03793,-0.05333
1954.000,-0.04561,0.03699,-0.05350
1954.083,-0.05204,0.03480,-0.05368
1954.167,-0.04957,0.03466,-0.05385
1954.250,-0.04754,0.03208,-0.05403
1954.333,-0.05375,0.03481,-0.05420
1954.417,-0.06025,0.03467,-0.05438
1954.500,-0.05569,0.03194,-0.05456
1954.583,-0.06119,0.03279,-0.05473
1954.667,-0.05813,0.03343,-0.05491
1954.750,-0.05191,0.03339,-0.05508
1954.833,-0.07247,0.03283,-0.05525
1954.917,-0.07329,0.03281,-0.05543
1955.000,-0.05785,0.03189,-0.05560
1955.083,-0.06529,0.03270,-0.05578
1955.167,-0.06554,0.03296,-0.05595
1955.250,-0.06247,0.03257,-0.05612
1955.333,-0.05905,0.03154,-0.05630
1955.417,-0.06794,0.03207,-0.05647
1955.500,-0.06891,0.03161,-0.05664
1955.583,-0.06535,0.03331,-0.05681
1955.667,-0.04199,0.03376,-0.05698
1955.750,-0.03910,0.03097,-0.05715
1955.833,-0.03471,0.02851,-0.05732
1955.917,-0.04327,0.02857,-0.05749
1956.000,-0.04593,0.02798,-0.05766
1956.083,-0.05982,0.02818,-0.05783
1956.167,-0.06181,0.02866,-0.05800
1956.250,-0.05942,0.02694,-0.05817
1956.333,-0.05537,0.02785,-0.05833
1956.417,-0.06643,0.02781,-0.05850
1956.500,-0.08410,0.02697,-0.05867
1956.583,-0.07820,0.02678,-0.05883
1956.667,-0.07776,0.02713,-0.05900
1956.750,-0.06363,0.02745,-0.05917
1956.833,-0.06464,0.02704,-0.05933
1956.917,-0.06429,0.02514,-0.05950
1957.000,-0.05734,0.02571,-0.05967
1957.083,-0.05716,0.02950,-0.05984
1957.167,-0.06073,0.02823,-0.06000
1957.250,-0.07026,0.02719,-0.06017
1957.333,-0.07096,0.02733,-0.06034
1957.417,-0.06488,0.02678,-0.06051
1957.500,-0.06769,0.02413,-0.06067
1957.583,-0.07596,0.02501,-0.06084
1957.667,-0.07128,0.02604,-0.06101
1957.750,-0.06899,0.02730,-0.06117
1957.833,-0.06619,0.02807,-0.06134
1957.917,-0.05661,0.02703,-0.06150
1958.000,-0.05589,0.02762,-0.06167
1958.083,-0.06053,0.02743,-0.06183
1958.167,-0.06485,0.02704,-0.06200
1958.250,-0.06581,0.02549,-0.06216
1958.333,-0.05381,0.02479,-0.06232
1958.417,-0.06250,0.02417,-0.06249
1958.500,-0.04169,0.02379,-0.06265
1958.583,-0.04094,0.02651,-0.06281
1958.667,-0.05302,0.02894,-0.06297
1958.750,-0.07225,0.02990,-0.06313
1958.833,-0.07646,0.02892,-0.06329
1958.917,-0.06462,0.02792,-0.06345
1959.000,-0.07042,0.02772,-0.06361
1959.083,-0.06318,0.02912,-0.06377
1959.167,-0.05647,0.02726,-0.06393
1959.250,-0.05439,0.02749,-0.06409
1959.333,-0.05902,0.02791,-0.06425
1959.417,-0.05413,0.02692,-0.06441
1959.500,-0.05874,0.02558,-0.06457
1959.583,-0.05636,0.02574,-0.06473
1959.667,-0.05574,0.02739,-0.06489
1959.750,-0.05749,0.02826,-0.06505
1959.833,-0.05721,0.02609,-0.06521
1959.917,-0.05599,0.02428,-0.06536
1960.000,-0.05139,0.02447,-0.06552
1960.083,-0.04346,0.02567,-0.06568
1960.167,-0.05600,0.02537,-0.06584
1960.250,-0.06031,0.02560,-0.06599
1960.333,-0.05507,0.02531,-0.06615
1960.417,-0.05853,0.02512,-0.06630
1960.500,-0.06536,0.02393,-0.06646
1960.583,-0.06467,0.02461,-0.06661
1960.667,-0.06294,0.02489,-0.06677
1960.750,-0.05582,0.02502,-0.06692
1960.833,-0.04624,0.02555,-0.06707
1960.917,-0.05250,0.02429,-0.06722
1961.000,-0.05343,0.02388,-0.06737
1961.083,-0.06571,0.02625,-0.06752
1961.167,-0.06707,0.02702,-0.06767
1961.250,-0.07056,0.02892,-0.06782
1961.333,-0.07338,0.02791,-0.06797
1961.417,-0.07333,0.02610,-0.06812
1961.500,-0.07048,0.02353,-0.06827
1961.583,-0.06669,0.02335,-0.06841
1961.667,-0.08435,0.02479,-0.06856
1961.750,-0.09606,0.02418,-0.06870
1961.833,-0.09104,0.02229,-0.06884
1961.917,-0.08961,0.02260,-0.06899
1962.000,-0.07006,0.02242,-0.06913
1962.083,-0.07688,0.02134,-0.06927
1962.167,-0.06166,0.02151,-0.06941
1962.250,-0.06217,0.02039,-0.06954
1962.333,-0.07292,0.01961,-0.06968
1962.417,-0.06832,0.01893,-0.06982
1962.500,-0.06904,0.01850,-0.06995
1962.583,-0.06805,0.01929,-0.07009
1962.667,-0.06599,0.02069,-0.07022
1962.750,-0.07073,0.01995,-0.07035
1962.833,-0.06597,0.02192,-0.07048
1962.917,-0.06950,0.02223,-0.07061
1963.000,-0.05785,0.02205,-0.07074
1963.083,-0.06676,0.02332,-0.07086
1963.167,-0.07323,0.02270,-0.07099
1963.250,-0.07655,0.02277,-0.07111
1963.333,-0.07356,0.02165,-0.07124
1963.417,-0.06837,0.02158,-0.07136
1963.500,-0.07310,0.02140,-0.07149
1963.583,-0.07590,0.02230,-0.07161
1963.667,-0.07238,0.02232,-0.07173
1963.750,-0.07577,0.02047,-0.07185
1963.833,-0.08354,0.01988,-0.07197
1963.917,-0.08077,0.01895,-0.07209
1964.000,-0.07777,0.01956,-0.07221
1964.083,-0.07025,0.02093,-0.07233
1964.167,-0.07253,0.02028,-0.07244
1964.250,-0.06867,0.01913,-0.07256
1964.333,-0.08012,0.01973,-0.07268
1964.417,-0.07222,0.01819,-0.07279
1964.500,-0.07905,0.01909,-0.07290
1964.583,-0.09041,0.01866,-0.07302
1964.667,-0.08423,0.02015,-0.07313
1964.750,-0.08552,0.01906,-0.07324
1964.833,-0.07306,0.01917,-0.07335
1964.917,-0.08250,0.01813,-0.07346
1965.000,-0.07630,0.01893,-0.07356
1965.083,-0.08212,0.01951,-0.07367
1965.167,-0.08761,0.01888,-0.07377
1965.250,-0.08342,0.01834,-0.07387
1965.333,-0.08273,0.01919,-0.07397
1965.417,-0.08979,0.01823,-0.07407
1965.500,-0.09764,0.01847,-0.07416
1965.583,-0.09631,0.01838,-0.07426
1965.667,-0.08806,0.01930,-0.07435
1965.750,-0.08665,0.01751,-0.07444
1965.833,-0.09104,0.01845,-0.07453
1965.917,-0.08983,0.01892,-0.07462
1966.000,-0.09065,0.01855,-0.07470
1966.083,-0.08289,0.01827,-0.07479
1966.167,-0.07899,0.01879,-0.07487
1966.250,-0.07569,0.01931,-0.07495
1966.333,-0.07198,0.01942,-0.07502
1966.417,-0.06741,0.01892,-0.07510
1966.500,-0.06262,0.01791,-0.07517
1966.583,-0.06590,0.02012,-0.07524
1966.667,-0.06271,0.02071,-0.07530
1966.750,-0.05806,0.01965,-0.07536
1966.833,-0.04744,0.01953,-0.07542
1966.917,-0.05512,0.01975,-0.07548
1967.000,-0.05251,0.01982,-0.07553
1967.083,-0.04026,0.02030,-0.07558
1967.167,-0.04049,0.02089,-0.07562
1967.250,-0.05191,0.02011,-0.07566
1967.333,-0.06521,0.02071,-0.07570
1967.417,-0.06768,0.02054,-0.07574
1967.500,-0.08105,0.01818,-0.07577
1967.583,-0.08630,0.01810,-0.07579
1967.667,-0.10372,0.01986,-0.07582
1967.750,-0.09762,0.01887,-0.07584
1967.833,-0.09890,0.01971,-0.07585
1967.917,-0.10259,0.01979,-0.07587
1968.000,-0.09764,0.01860,-0.07587
1968.083,-0.08168,0.01817,-0.07588
1968.167,-0.08405,0.01814,-0.07588
1968.250,-0.08010,0.01758,-0.07588
1968.333,-0.07288,0.01685,-0.07587
1968.417,-0.08073,0.01613,-0.07586
1968.500,-0.07704,0.01548,-0.07585
1968.583,-0.09046,0.01614,-0.07584
1968.667,-0.08952,0.01782,-0.07582
1968.750,-0.08583,0.01692,-0.07579
1968.833,-0.08764,0.01651,-0.07577
1968.917,-0.09130,0.01590,-0.07574
1969.000,-0.08685,0.01635,-0.07570
1969.083,-0.09055,0.01669,-0.07567
1969.167,-0.08981,0.01711,-0.07563
1969.250,-0.09132,0.01645,-0.07558
1969.333,-0.08509,0.01558,-0.07553
1969.417,-0.08598,0.01514,-0.07548
1969.500,-0.08959,0.01580,-0.07543
1969.583,-0.08416,0.01791,-0.07537
1969.667,-0.08641,0.01860,-0.07531
1969.750,-0.08551,0.01800,-0.07525
1969.833,-0.07551,0.01718,-0.07518
1969.917,-0.06973,0.01733,-0.07511
1970.000,-0.06411,0.01781,-0.07504
1970.083,-0.07436,0.01813,-0.07496
1970.167,-0.07897,0.01849,-0.07489
1970.250,-0.07992,0.01814,-0.07480
1970.333,-0.06905,0.01783,-0.07472
1970.417,-0.05788,0.01626,-0.07464
1970.500,-0.05480,0.01536,-0.07455
1970.583,-0.05646,0.01666,-0.07446
1970.667,-0.07186,0.01645,-0.07437
1970.750,-0.07563,0.01568,-0.07427
1970.833,-0.06874,0.01501,-0.07417
1970.917,-0.07889,0.01570,-0.07408
1971.000,-0.08039,0.01700,-0.07397
1971.083,-0.08236,0.01711,-0.07387
1971.167,-0.07519,0.01676,-0.07377
1971.250,-0.07883,0.01587,-0.07366
1971.333,-0.08117,0.01619,-0.07355
1971.417,-0.07911,0.01526,-0.07344
1971.500,-0.07396,0.01472,-0.07333
1971.583,-0.07086,0.01526,-0.07321
1971.667,-0.06716,0.01577,-0.07309
1971.750,-0.06628,0.01564,-0.07297
1971.833,-0.06607,0.01535,-0.07285
1971.917,-0.07049,0.01584,-0.07273
1972.000,-0.08279,0.01555,-0.07260
1972.083,-0.08762,0.01563,-0.07247
1972.167,-0.08546,0.01500,-0.07234
1972.250,-0.09500,0.01470,-0.07221
1972.333,-0.10149,0.01469,-0.07207
1972.417,-0.09136,0.01468,-0.07193
1972.500,-0.07855,0.01335,-0.07179
1972.583,-0.08320,0.01447,-0.07164
1972.667,-0.08138,0.01489,-0.07149
1972.750,-0.07298,0.01595,-0.07134
1972.833,-0.07787,0.01621,-0.07119
1972.917,-0.07989,0.01682,-0.07103
1973.000,-0.08296,0.01652,-0.07087
1973.083,-0.08389,0.01687,-0.07071
1973.167,-0.07292,0.01738,-0.07055
1973.250,-0.07214,0.01814,-0.07038
1973.333,-0.06668,0.01874,-0.07021
1973.417,-0.05841,0.01820,-0.07004
1973.500,-0.05762,0.01684,-0.06986
1973.583,-0.05590,0.01780,-0.06968
1973.667,-0.05491,0.01801,-0.06950
1973.750,-0.05853,0.01824,-0.06932
1973.833,-0.06488,0.01860,-0.06913
1973.917,-0.05983,0.01907,-0.06895
1974.000,-0.07028,0.01849,-0.06876
1974.083,-0.07025,0.01848,-0.06857
1974.167,-0.06999,0.01791,-0.06837
1974.250,-0.06886,0.01779,-0.06818
1974.333,-0.06180,0.01783,-0.06798
1974.417,-0.07365,0.01780,-0.06779
1974.500,-0.07068,0.01687,-0.06759
1974.583,-0.07559,0.01740,-0.06739
1974.667,-0.07602,0.01869,-0.06719
1974.750,-0.06638,0.01947,-0.06698
1974.833,-0.06211,0.02087,-0.06678
1974.917,-0.06495,0.02096,-0.06657
1975.000,-0.07897,0.01990,-0.06637
1975.083,-0.08294,0.02007,-0.06616
1975.167,-0.06985,0.01949,-0.06595
1975.250,-0.06536,0.01887,-0.06574
1975.333,-0.06551,0.01914,-0.06553
1975.417,-0.06627,0.01866,-0.06532
1975.500,-0.06404,0.01805,-0.06511
1975.583,-0.06474,0.01857,-0.06490
1975.667,-0.06286,0.01956,-0.06468
1975.750,-0.05600,0.02144,-0.06447
1975.833,-0.06144,0.02183,-0.06425
1975.917,-0.05852,0.02134,-0.06404
1976.000,-0.05709,0.02087,-0.06382
1976.083,-0.06245,0.02141,-0.06360
1976.167,-0.05343,0.01850,-0.06339
1976.250,-0.06002,0.01848,-0.06317
1976.333,-0.06286,0.01842,-0.06295
1976.417,-0.06872,0.01738,-0.06274
1976.500,-0.06467,0.01640,-0.06252
1976.583,-0.06361,0.01729,-0.06230
1976.667,-0.06073,0.01638,-0.06209
1976.750,-0.06375,0.01520,-0.06187
1976.833,-0.06413,0.01526,-0.06165
1976.917,-0.05884,0.01590,-0.06144
1977.000,-0.05900,0.01644,-0.06123
1977.083,-0.06929,0.01599,-0.06101
1977.167,-0.07255,0.01566,-0.06080
1977.250,-0.06157,0.01593,-0.06059
1977.333,-0.06281,0.01689,-0.06038
1977.417,-0.07757,0.01632,-0.06017
1977.500,-0.07265,0.01619,-0.05996
1977.583,-0.06541,0.01647,-0.05976
1977.667,-0.07219,0.01734,-0.05955
1977.750,-0.06278,0.01630,-0.05934
1977.833,-0.06308,0.01687,-0.05914
1977.917,-0.06071,0.01665,-0.05894
1978.000,-0.06358,0.01662,-0.05873
1978.083,-0.05487,0.01664,-0.05853
1978.167,-0.04350,0.01696,-0.05833
1978.250,-0.04041,0.01731,-0.05812
1978.333,-0.03799,0.01861,-0.05792
1978.417,-0.03900,0.01803,-0.05772
1978.500,-0.04201,0.01895,-0.05752
1978.583,-0.05319,0.01974,-0.05732
1978.667,-0.06047,0.02044,-0.05712
1978.750,-0.05531,0.01969,-0.05692
1978.833,-0.05980,0.01877,-0.05672
1978.917,-0.06786,0.01829,-0.05652
1979.000,-0.05496,0.01828,-0.05632
1979.083,-0.06315,0.01839,-0.05612
1979.167,-0.06822,0.01836,-0.05592
1979.250,-0.06911,0.01780,-0.05573
1979.333,-0.07025,0.01793,-0.05553
1979.417,-0.06449,0.01910,-0.05533
1979.500,-0.06566,0.01987,-0.05513
1979.583,-0.05572,0.02113,-0.05494
1979.667,-0.04199,0.02187,-0.05474
1979.750,-0.05615,0.02187,-0.05455
1979.833,-0.05429,0.02130,-0.05435
1979.917,-0.05298,0.02058,-0.05416
1980.000,-0.05821,0.01945,-0.05396
1980.083,-0.05776,0.01926,-0.05377
1980.167,-0.05916,0.01946,-0.05358
1980.250,-0.06023,0.01992,-0.05339
1980.333,-0.06364,0.02052,-0.05320
1980.417,-0.06500,0.01968,-0.05301
1980.500,-0.06132,0.01940,-0.05282
1980.583,-0.05046,0.02083,-0.05264
1980.667,-0.04602,0.01977,-0.05245
1980.750,-0.03747,0.01889,-0.05227
1980.833,-0.04250,0.01991,-0.05209
1980.917,-0.04023,0.01946,-0.05191
1981.000,-0.03957,0.01898,-0.05173
1981.083,-0.03590,0.01868,-0.05155
1981.167,-0.03945,0.01859,-0.05138
1981.250,-0.04024,0.01837,-0.05120
1981.333,-0.04631,0.01830,-0.05103
1981.417,-0.04473,0.01928,-0.05085
1981.500,-0.03116,0.01920,-0.05068
1981.583,-0.02498,0.02070,-0.05051
1981.667,-0.02587,0.02218,-0.05034
1981.750,-0.02649,0.02221,-0.05017
1981.833,-0.02926,0.02173,-0.05000
1981.917,-0.02512,0.02178,-0.04983
1982.000,-0.02250,0.02182,-0.04966
1982.083,-0.02190,0.02139,-0.04950
1982.167,-0.02320,0.02125,-0.04933
1982.250,-0.03226,0.02324,-0.04916
1982.333,-0.03427,0.02302,-0.04899
1982.417,-0.03066,0.02042,-0.04882
1982.500,-0.03552,0.01941,-0.04866
1982.583,-0.03941,0.02034,-0.04849
1982.667,-0.04748,0.02069,-0.04832
1982.750,-0.04789,0.02044,-0.04815
1982.833,-0.05150,0.02047,-0.04799
1982.917,-0.06905,0.02027,-0.04782
1983.000,-0.07750,0.02032,-0.04765
1983.083,-0.07252,0.01922,-0.04748
1983.167,-0.07006,0.02044,-0.04731
1983.250,-0.07113,0.02021,-0.04715
1983.333,-0.07516,0.02033,-0.04698
1983.417,-0.06834,0.01962,-0.04681
1983.500,-0.04904,0.01882,-0.04665
1983.583,-0.04991,0.01976,-0.04648
1983.667,-0.05143,0.02008,-0.04632
1983.750,-0.04812,0.02073,-0.04615
1983.833,-0.05321,0.02110,-0.04599
1983.917,-0.04231,0.02005,-0.04583
1984.000,-0.04936,0.01960,-0.04566
1984.083,-0.04326,0.01932,-0.04550
1984.167,-0.04722,0.01749,-0.04534
1984.250,-0.05194,0.01749,-0.04518
1984.333,-0.05528,0.01825,-0.04503
1984.417,-0.05261,0.01646,-0.04487
1984.500,-0.04645,0.01440,-0.04471
1984.583,-0.05597,0.01580,-0.04456
1984.667,-0.04967,0.01711,-0.04440
1984.750,-0.05096,0.01692,-0.04425
1984.833,-0.04325,0.01572,-0.04410
1984.917,-0.03636,0.01451,-0.04395
1985.000,-0.04447,0.01462,-0.04380
1985.083,-0.05121,0.01460,-0.04365
1985.167,-0.05203,0.01497,-0.04350
1985.250,-0.04388,0.01578,-0.04335
1985.333,-0.03769,0.01597,-0.04320
1985.417,-0.03574,0.01686,-0.04306
1985.500,-0.03889,0.01670,-0.04291
1985.583,-0.04672,0.01849,-0.04277
1985.667,-0.04344,0.02100,-0.04263
1985.750,-0.03934,0.02146,-0.04249
1985.833,-0.03814,0.02055,-0.04235
1985.917,-0.03093,0.01872,-0.04221
1986.000,-0.03133,0.01844,-0.04207
1986.083,-0.03727,0.01813,-0.04193
1986.167,-0.03277,0.01742,-0.04179
1986.250,-0.03737,0.01661,-0.04165
1986.333,-0.04372,0.01743,-0.04152
1986.417,-0.04687,0.01789,-0.04138
1986.500,-0.04276,0.01577,-0.04125
1986.583,-0.04039,0.01486,-0.04111
1986.667,-0.04337,0.01572,-0.04098
1986.750,-0.03879,0.01570,-0.04085
1986.833,-0.03917,0.01785,-0.04071
1986.917,-0.03949,0.01805,-0.04058
1987.000,-0.04182,0.01720,-0.04044
1987.083,-0.03805,0.01615,-0.04031
1987.167,-0.04167,0.01577,-0.04017
1987.250,-0.03883,0.01587,-0.04004
1987.333,-0.03730,0.01622,-0.03990
1987.417,-0.03639,0.01545,-0.03977
1987.500,-0.02907,0.01409,-0.03963
1987.583,-0.03139,0.01476,-0.03949
1987.667,-0.02650,0.01432,-0.03936
1987.750,-0.03416,0.01413,-0.03922
1987.833,-0.03225,0.01447,-0.03908
1987.917,-0.03404,0.01399,-0.03894
1988.000,-0.03868,0.01390,-0.03880
1988.083,-0.04291,0.01452,-0.03866
1988.167,-0.05209,0.01378,-0.03852
1988.250,-0.04042,0.01409,-0.03838
1988.333,-0.04028,0.01435,-0.03824
1988.417,-0.03985,0.01313,-0.03810
1988.500,-0.03643,0.01267,-0.03796
1988.583,-0.04240,0.01401,-0.03782
1988.667,-0.03881,0.01547,-0.03768
1988.750,-0.04556,0.01645,-0.03754
1988.833,-0.05465,0.01750,-0.03740
1988.917,-0.05407,0.01829,-0.03726
1989.000,-0.05628,0.01772,-0.03712
1989.083,-0.05104,0.01671,-0.03698
1989.167,-0.04276,0.01686,-0.03684
1989.250,-0.03879,0.01689,-0.03669
1989.333,-0.03717,0.01737,-0.03655
1989.417,-0.03878,0.01691,-0.03641
1989.500,-0.03481,0.01627,-0.03626
1989.583,-0.03588,0.01561,-0.03612
1989.667,-0.03663,0.01555,-0.03597
1989.750,-0.03735,0.01500,-0.03583
1989.833,-0.04136,0.01388,-0.03568
1989.917,-0.04955,0.01513,-0.03553
1990.000,-0.05052,0.01468,-0.03538
1990.083,-0.04712,0.01427,-0.03523
1990.167,-0.04467,0.01488,-0.03508
1990.250,-0.05409,0.01478,-0.03493
1990.333,-0.04580,0.01531,-0.03477
1990.417,-0.04578,0.01431,-0.03462
1990.500,-0.04290,0.01418,-0.03446
1990.583,-0.02814,0.01588,-0.03430
1990.667,-0.02284,0.01652,-0.03415
1990.750,-0.01431,0.01649,-0.03399
1990.833,-0.01560,0.01878,-0.03383
1990.917,-0.01153,0.01962,-0.03367
1991.000,-0.00933,0.01960,-0.03351
1991.083,-0.00521,0.01823,-0.03334
1991.167,-0.01472,0.01689,-0.03318
1991.250,-0.01828,0.01597,-0.03302
1991.333,-0.01949,0.01442,-0.03285
1991.417,-0.03265,0.01348,-0.03269
1991.500,-0.04078,0.01345,-0.03252
1991.583,-0.03076,0.01609,-0.03236
1991.667,-0.03357,0.01693,-0.03219
1991.750,-0.03512,0.01666,-0.03203
1991.833,-0.02311,0.01657,-0.03186
1991.917,-0.02813,0.01669,-0.03170
1992.000,-0.01955,0.01784,-0.03153
1992.083,-0.03170,0.01811,-0.03137
1992.167,-0.02513,0.01954,-0.03120
1992.250,-0.01688,0.01986,-0.03104
1992.333,-0.01993,0.01948,-0.03088
1992.417,-0.01209,0.01694,-0.03071
1992.500,-0.03379,0.01591,-0.03055
1992.583,-0.03914,0.01642,-0.03038
1992.667,-0.05010,0.01623,-0.03022
1992.750,-0.05228,0.01604,-0.03006
1992.833,-0.04608,0.01642,-0.02989
1992.917,-0.04541,0.01673,-0.02973
1993.000,-0.04490,0.01712,-0.02957
1993.083,-0.03563,0.01683,-0.02940
1993.167,-0.03686,0.01681,-0.02924
1993.250,-0.03655,0.01673,-0.02908
1993.333,-0.03081,0.01738,-0.02891
1993.417,-0.03544,0.01668,-0.02875
1993.500,-0.04157,0.01617,-0.02858
1993.583,-0.03714,0.01629,-0.02842
1993.667,-0.02786,0.01606,-0.02825
1993.750,-0.03182,0.01603,-0.02808
1993.833,-0.03508,0.01635,-0.02792
1993.917,-0.02620,0.01529,-0.02775
1994.000,-0.01610,0.01498,-0.02758
1994.083,-0.01019,0.01618,-0.02742
1994.167,-0.01608,0.01623,-0.02725
1994.250,-0.01403,0.01677,-0.02708
1994.333,-0.02159,0.01552,-0.02691
1994.417,-0.03786,0.01543,-0.02674
1994.500,-0.04202,0.01445,-0.02657
1994.583,-0.03215,0.01364,-0.02640
1994.667,-0.03415,0.01566,-0.02623
1994.750,-0.03483,0.01633,-0.02606
1994.833,-0.03440,0.01488,-0.02589
1994.917,-0.03884,0.01214,-0.02571
1995.000,-0.02523,0.01084,-0.02554
1995.083,-0.02530,0.01214,-0.02537
1995.167,-0.02395,0.01207,-0.02520
1995.250,-0.02646,0.01172,-0.02502
1995.333,-0.02509,0.01237,-0.02485
1995.417,-0.01794,0.01261,-0.02468
1995.500,-0.01583,0.01390,-0.02450
1995.583,-0.01140,0.01404,-0.02433
1995.667,-0.01359,0.01364,-0.02415
1995.750,-0.02068,0.01378,-0.02398
1995.833,-0.02264,0.01371,-0.02381
1995.917,-0.02108,0.01481,-0.02363
1996.000,-0.00325,0.01438,-0.02346
1996.083,0.00409,0.01412,-0.02329
1996.167,0.00462,0.01358,-0.02312
1996.250,0.00037,0.01380,-0.02295
1996.333,-0.00726,0.01547,-0.02278
1996.417,-0.00937,0.01713,-0.02260
1996.500,-0.02381,0.01824,-0.02243
1996.583,-0.02641,0.01887,-0.02227
1996.667,-0.02799,0.01877,-0.02210
1996.750,-0.02729,0.01859,-0.02193
1996.833,-0.03299,0.01962,-0.02176
1996.917,-0.03206,0.01984,-0.02159
1997.000,-0.02805,0.01941,-0.02143
1997.083,-0.02314,0.01848,-0.02126
1997.167,-0.02502,0.01894,-0.02110
1997.250,-0.02165,0.01832,-0.02093
1997.333,-0.02137,0.01989,-0.02077
1997.417,-0.01714,0.02102,-0.02061
1997.500,-0.02749,0.02160,-0.02045
1997.583,-0.03486,0.02164,-0.02029
1997.667,-0.03436,0.02082,-0.02013
1997.750,-0.04296,0.01994,-0.01997
1997.833,-0.04002,0.02024,-0.01981
1997.917,-0.03370,0.02056,-0.01965
1998.000,-0.03492,0.01843,-0.01950
1998.083,-0.03307,0.01742,-0.01934
1998.167,-0.03774,0.01884,-0.01919
1998.250,-0.02887,0.01872,-0.01904
1998.333,-0.02147,0.01739,-0.01889
1998.417,-0.01574,0.01764,-0.01873
1998.500,-0.01228,0.01886,-0.01858
1998.583,-0.01263,0.01914,-0.01844
1998.667,-0.01479,0.01846,-0.01829
1998.750,-0.00763,0.01754,-0.01814
1998.833,-0.00581,0.01594,-0.01800
1998.917,-0.01288,0.01696,-0.01785
1999.000,-0.00933,0.01703,-0.01771
1999.083,-0.01154,0.01609,-0.01756
1999.167,-0.02097,0.01559,-0.01742
1999.250,-0.01990,0.01729,-0.01728
1999.333,-0.00887,0.01760,-0.01714
1999.417,-0.00332,0.01592,-0.01700
1999.500,-0.00650,0.01557,-0.01686
1999.583,-0.00945,0.01402,-0.01672
1999.667,-0.01292,0.01292,-0.01659
1999.750,-0.02101,0.01250,-0.01645
1999.833,-0.02146,0.01243,-0.01631
1999.917,-0.01820,0.01407,-0.01618
2000.000,-0.02262,0.01481,-0.01605
2000.083,-0.02857,0.01583,-0.01592
2000.167,-0.02722,0.01629,-0.01579
2000.250,-0.01858,0.01531,-0.01566
2000.333,-0.00795,0.01419,-0.01553
2000.417,-0.01189,0.01243,-0.01540
2000.500,-0.01105,0.01255,-0.01527
2000.583,-0.01146,0.01265,-0.01515
2000.667,-0.00015,0.01377,-0.01502
2000.750,0.00167,0.01389,-0.01490
2000.833,-0.01201,0.01468,-0.01478
2000.917,-0.01274,0.01454,-0.01466
2001.000,-0.01242,0.01444,-0.01454
2001.083,-0.01328,0.01460,-0.01443
2001.167,-0.01379,0.01521,-0.01431
2001.250,-0.01385,0.01603,-0.01420
2001.333,-0.01051,0.01478,-0.01408
2001.417,-0.00870,0.01385,-0.01397
2001.500,-0.00132,0.01348,-0.01387
2001.583,-0.00263,0.01375,-0.01376
2001.667,0.00176,0.01324,-0.01365
2001.750,-0.00493,0.01329,-0.01355
2001.833,-0.00572,0.01261,-0.01344
2001.917,-0.00259,0.01257,-0.01334
2002.000,-0.01083,0.01273,-0.01324
2002.083,-0.01434,0.01342,-0.01314
2002.167,-0.01318,0.01272,-0.01304
2002.250,-0.01404,0.01113,-0.01294
2002.333,-0.01571,0.01068,-0.01285
2002.417,-0.01937,0.00893,-0.01275
2002.500,-0.01655,0.00894,-0.01265
2002.583,-0.01256,0.00959,-0.01256
2002.667,-0.01265,0.00931,-0.01247
2002.750,-0.01401,0.00937,-0.01237
2002.833,-0.01731,0.00910,-0.01228
2002.917,-0.01180,0.00945,-0.01218
2003.000,-0.00326,0.00883,-0.01209
2003.083,-0.00144,0.00879,-0.01200
2003.167,-0.00324,0.00775,-0.01190
2003.250,-0.00738,0.00763,-0.01181
2003.333,-0.00718,0.00798,-0.01172
2003.417,-0.01428,0.00817,-0.01162
2003.500,-0.01622,0.00860,-0.01153
2003.583,-0.01150,0.00930,-0.01143
2003.667,-0.01438,0.00913,-0.01134
2003.750,-0.01181,0.00909,-0.01124
2003.833,-0.01355,0.00841,-0.01115
2003.917,-0.00944,0.00795,-0.01105
2004.000,-0.00330,0.00806,-0.01095
2004.083,-0.00412,0.00787,-0.01086
2004.167,-0.00083,0.00802,-0.01076
2004.250,-0.00440,0.00785,-0.01066
2004.333,-0.01157,0.00760,-0.01056
2004.417,-0.00849,0.00743,-0.01046
2004.500,-0.01089,0.00742,-0.01036
2004.583,-0.00863,0.00689,-0.01026
2004.667,-0.00693,0.00678,-0.01016
2004.750,-0.01002,0.00700,-0.01006
2004.833,-0.01300,0.00699,-0.00996
2004.917,-0.01099,0.00677,-0.00986
2005.000,-0.01276,0.00727,-0.00975
2005.083,-0.01053,0.00797,-0.00965
2005.167,-0.01395,0.00708,-0.00954
2005.250,-0.01307,0.00737,-0.00944
2005.333,-0.01669,0.00680,-0.00933
2005.417,-0.01681,0.00676,-0.00923
2005.500,-0.01665,0.00662,-0.00912
2005.583,-0.01479,0.00649,-0.00901
2005.667,-0.01104,0.00637,-0.00891
2005.750,-0.01016,0.00618,-0.00880
2005.833,-0.00781,0.00611,-0.00869
2005.917,-0.00154,0.00633,-0.00859
2006.000,0.00531,0.00556,-0.00848
2006.083,0.00710,0.00537,-0.00837
2006.167,0.00506,0.00542,-0.00827
2006.250,0.00908,0.00588,-0.00816
2006.333,0.00542,0.00585,-0.00806
2006.417,0.00257,0.00590,-0.00795
2006.500,0.00227,0.00591,-0.00785
2006.583,-0.00119,0.00745,-0.00774
2006.667,-0.00533,0.00668,-0.00764
2006.750,-0.00784,0.00668,-0.00754
2006.833,-0.01375,0.00729,-0.00744
2006.917,-0.01132,0.00671,-0.00734
2007.000,-0.00433,0.00679,-0.00724
2007.083,-0.00444,0.00673,-0.00714
2007.167,-0.00816,0.00609,-0.00704
2007.250,-0.01054,0.00574,-0.00695
2007.333,-0.01077,0.00596,-0.00685
2007.417,-0.01212,0.00649,-0.00675
2007.500,-0.01492,0.00647,-0.00666
2007.583,-0.00926,0.00603,-0.00657
2007.667,-0.00832,0.00583,-0.00647
2007.750,-0.00978,0.00561,-0.00638
2007.833,-0.01548,0.00524,-0.00629
2007.917,-0.01298,0.00516,-0.00620
2008.000,-0.01414,0.00475,-0.00610
2008.083,-0.01806,0.00486,-0.00601
2008.167,-0.01996,0.00478,-0.00592
2008.250,-0.02045,0.00455,-0.00583
2008.333,-0.01998,0.00423,-0.00573
2008.417,-0.01550,0.00425,-0.00564
2008.500,-0.00933,0.00448,-0.00555
2008.583,-0.01050,0.00483,-0.00546
2008.667,-0.00724,0.00474,-0.00536
2008.750,-0.00431,0.00490,-0.00527
2008.833,-0.01261,0.00504,-0.00518
2008.917,-0.01065,0.00518,-0.00508
2009.000,-0.01630,0.00471,-0.00499
2009.083,-0.02058,0.00451,-0.00489
2009.167,-0.01989,0.00458,-0.00480
2009.250,-0.01686,0.00455,-0.00470
2009.333,-0.01232,0.00464,-0.00461
2009.417,-0.00806,0.00458,-0.00451
2009.500,-0.00493,0.00504,-0.00442
2009.583,-0.00768,0.00490,-0.00432
2009.667,-0.01376,0.00518,-0.00423
2009.750,-0.01288,0.00501,-0.00413
2009.833,-0.01218,0.00538,-0.00404
2009.917,-0.00385,0.00470,-0.00394
2010.000,-0.00665,0.00406,-0.00384
2010.083,-0.00781,0.00388,-0.00375
2010.167,-0.01059,0.00365,-0.00365
2010.250,-0.00725,0.00375,-0.00354
2010.333,-0.00518,0.00369,-0.00344
2010.417,0.00179,0.00369,-0.00334
2010.500,0.00356,0.00394,-0.00324
2010.583,0.00003,0.00403,-0.00315
2010.667,-0.00383,0.00446,-0.00306
2010.750,-0.00701,0.00432,-0.00298
2010.833,-0.00788,0.00491,-0.00289
2010.917,0.00029,0.00514,-0.00281
2011.000,-0.00179,0.00501,-0.00273
2011.083,-0.00681,0.00502,-0.00265
2011.167,-0.00636,0.00485,-0.00258
2011.250,-0.00510,0.00488,-0.00251
2011.333,-0.00139,0.00449,-0.00244
2011.417,0.00754,0.00438,-0.00237
2011.500,0.01406,0.00470,-0.00230
2011.583,0.01415,0.00468,-0.00223
2011.667,0.01233,0.00433,-0.00216
2011.750,0.01170,0.00396,-0.00210
2011.833,0.00686,0.00437,-0.00203
2011.917,0.01055,0.00486,-0.00197
2012.000,0.00646,0.00513,-0.00190
2012.083,0.00471,0.00492,-0.00184
2012.167,0.00047,0.00464,-0.00177
2012.250,-0.00301,0.00441,-0.00171
2012.333,-0.00302,0.00407,-0.00165
2012.417,-0.00393,0.00372,-0.00159
2012.500,-0.00288,0.00369,-0.00153
2012.583,-0.00376,0.00351,-0.00146
2012.667,-0.00400,0.00310,-0.00140
2012.750,-0.00500,0.00315,-0.00134
2012.833,-0.00383,0.00284,-0.00128
2012.917,0.00225,0.00319,-0.00122
2013.000,0.00494,0.00354,-0.00116
2013.083,0.00641,0.00392,-0.00110
2013.167,0.00258,0.00383,-0.00104
2013.250,0.00267,0.00415,-0.00098
2013.333,0.00543,0.00397,-0.00092
2013.417,0.01407,0.00433,-0.00086
2013.500,0.01475,0.00405,-0.00080
2013.583,0.01736,0.00376,-0.00074
2013.667,0.01451,0.00407,-0.00067
2013.750,0.01258,0.00430,-0.00061
2013.833,0.00790,0.00382,-0.00055
2013.917,0.00482,0.00351,-0.00049
2014.000,-0.00270,0.00345,-0.00043
2014.083,-0.00231,0.00406,-0.00037
2014.167,-0.00725,0.00386,-0.00031
2014.250,-0.00260,0.00411,-0.00025
2014.333,0.00082,0.00453,-0.00019
2014.417,0.00307,0.00477,-0.00013
2014.500,0.00153,0.00470,-0.00007
2014.583,0.00464,0.00497,-0.00001
2014.667,0.00565,0.00516,0.00005
2014.750,0.00963,0.00526,0.00011
2014.833,0.00925,0.00529,0.00017
2014.917,0.01320,0.00494,0.00023
2015.000,0.01494,0.00475,0.00029
2015.083,0.01336,0.00467,0.00035
2015.167,0.01410,0.00479,0.00041
2015.250,0.01118,0.00487,0.00047
2015.333,0.00428,0.00489,0.00053
2015.417,0.00078,0.00508,0.00059
2015.500,-0.00776,0.00520,0.00065
2015.583,-0.01248,0.00392,0.00071
2015.667,-0.01457,0.00366,0.00077
2015.750,-0.01488,0.00420,0.00083
2015.833,-0.02164,0.00485,0.00089
2015.917,-0.01672,0.00461,0.00095
2016.000,-0.00772,0.00471,0.00101
2016.083,-0.00429,0.00465,0.00107
2016.167,-0.00381,0.00466,0.00113
2016.250,-0.00010,0.00490,0.00119
2016.333,0.00035,0.00474,0.00125
2016.417,0.00103,0.00497,0.00131
2016.500,-0.00081,0.00475,0.00136
2016.583,-0.00496,0.00503,0.00142
2016.667,-0.00318,0.00480,0.00148
2016.750,-0.00079,0.00470,0.00154
2016.833,-0.00413,0.00506,0.00160
2016.917,0.00951,0.00538,0.00166
2017.000,0.01467,0.00554,0.00172
2017.083,0.02460,0.00499,0.00177
2017.167,0.02303,0.00505,0.00183
2017.250,0.02659,0.00464,0.00189
2017.333,0.02491,0.00450,0.00195
2017.417,0.02597,0.00476,0.00201
2017.500,0.01407,0.00477,0.00206
2017.583,0.01528,0.00486,0.00212
2017.667,0.01374,0.00470,0.00218
2017.750,0.01795,0.00466,0.00224
2017.833,0.01386,0.00478,0.00229
2017.917,0.01504,0.00449,0.00235
2018.000,0.00969,0.00464,0.00241
2018.083,0.00774,0.00433,0.00246
2018.167,0.00772,0.00430,0.00252
2018.250,0.00374,0.00450,0.00257
2018.333,-0.00132,0.00467,0.00263
2018.417,-0.00114,0.00464,0.00269
2018.500,0.00061,0.00488,0.00274
2018.583,0.00451,0.00503,0.00280
2018.667,0.00125,0.00512,0.00285
2018.750,0.00477,0.00534,0.00290
2018.833,0.00478,0.00519,0.00296
2018.917,0.00941,0.00576,0.00301
2019.000,0.00948,0.00614,0.00307
2019.083,0.00365,0.00619,0.00312
2019.167,-0.00687,0.00636,0.00317
2019.250,-0.00502,0.00686,0.00322
2019.333,-0.00650,0.00654,0.00327
2019.417,-0.00953,0.00669,0.00333
2019.500,-0.01302,0.00689,0.00338
2019.583,-0.01204,0.00697,0.00343
2019.667,-0.01434,0.00707,0.00348
2019.750,-0.01598,0.00725,0.00353
2019.833,-0.02121,0.00745,0.00358