"year","global mean SC","2s.d. error range","smoothed global mean SC, by LOWESS with span width of 240 month"
1940.000,-0.01381,0.00975,-0.01260
1940.083,-0.01322,0.00965,-0.01257
1940.167,-0.01360,0.00953,-0.01255
1940.250,-0.01407,0.00938,-0.01252
1940.333,-0.01439,0.00937,-0.01250
1940.417,-0.01444,0.00931,-0.01248
1940.500,-0.01363,0.00928,-0.01245
1940.583,-0.01392,0.00918,-0.01243
1940.667,-0.01495,0.00913,-0.01240
1940.750,-0.01534,0.00910,-0.01238
1940.833,-0.01399,0.00907,-0.01236
1940.917,-0.01415,0.00916,-0.01233
1941.000,-0.01440,0.00937,-0.01231
1941.083,-0.01386,0.00963,-0.01229
1941.167,-0.01372,0.00985,-0.01226
1941.250,-0.01372,0.00978,-0.01224
1941.333,-0.01353,0.00969,-0.01222
1941.417,-0.01443,0.00961,-0.01220
1941.500,-0.01465,0.00967,-0.01217
1941.583,-0.01435,0.00988,-0.01215
1941.667,-0.01451,0.01008,-0.01213
1941.750,-0.01421,0.01024,-0.01211
1941.833,-0.01447,0.01033,-0.01208
1941.917,-0.01486,0.01042,-0.01206
1942.000,-0.01422,0.01030,-0.01204
1942.083,-0.01446,0.01036,-0.01202
1942.167,-0.01309,0.01050,-0.01200
1942.250,-0.01248,0.01050,-0.01198
1942.333,-0.01202,0.01048,-0.01195
1942.417,-0.01157,0.01022,-0.01193
1942.500,-0.01126,0.01010,-0.01191
1942.583,-0.01125,0.01018,-0.01189
1942.667,-0.01127,0.01029,-0.01187
1942.750,-0.01161,0.01034,-0.01185
1942.833,-0.01193,0.01041,-0.01183
1942.917,-0.01222,0.01048,-0.01181
1943.000,-0.01215,0.01037,-0.01179
1943.083,-0.01166,0.01032,-0.01177
1943.167,-0.01043,0.01046,-0.01175
1943.250,-0.01010,0.01070,-0.01173
1943.333,-0.01107,0.01094,-0.01171
1943.417,-0.01068,0.01091,-0.01169
1943.500,-0.01030,0.01091,-0.01167
1943.583,-0.01026,0.01085,-0.01165
1943.667,-0.01048,0.01088,-0.01163
1943.750,-0.00996,0.01088,-0.01161
1943.833,-0.01021,0.01098,-0.01160
1943.917,-0.01071,0.01106,-0.01158
1944.000,-0.01013,0.01088,-0.01156
1944.083,-0.00996,0.01083,-0.01154
1944.167,-0.00973,0.01086,-0.01152
1944.250,-0.00998,0.01095,-0.01150
1944.333,-0.01039,0.01114,-0.01148
1944.417,-0.01066,0.01109,-0.01146
1944.500,-0.01096,0.01092,-0.01145
1944.583,-0.01036,0.01092,-0.01143
1944.667,-0.01056,0.01088,-0.01141
1944.750,-0.01078,0.01087,-0.01139
1944.833,-0.01090,0.01098,-0.01137
1944.917,-0.01074,0.01092,-0.01136
1945.000,-0.01072,0.01069,-0.01134
1945.083,-0.01118,0.01062,-0.01132
1945.167,-0.01127,0.01068,-0.01130
1945.250,-0.01114,0.01067,-0.01129
1945.333,-0.01117,0.01066,-0.01127
1945.417,-0.01130,0.01068,-0.01125
1945.500,-0.01157,0.01065,-0.01123
1945.583,-0.01219,0.01069,-0.01122
1945.667,-0.01245,0.01075,-0.01120
1945.750,-0.01180,0.01073,-0.01118
1945.833,-0.01171,0.01072,-0.01117
1945.917,-0.01197,0.01060,-0.01115
1946.000,-0.01192,0.01030,-0.01113
1946.083,-0.01176,0.01017,-0.01112
1946.167,-0.01199,0.01006,-0.01110
1946.250,-0.01137,0.00996,-0.01108
1946.333,-0.01058,0.00981,-0.01107
1946.417,-0.01064,0.00976,-0.01105
1946.500,-0.01054,0.00972,-0.01103
1946.583,-0.01148,0.00959,-0.01102
1946.667,-0.01084,0.00965,-0.01100
1946.750,-0.00960,0.00959,-0.01098
1946.833,-0.00971,0.00953,-0.01097
1946.917,-0.00906,0.00949,-0.01095
1947.000,-0.00798,0.00947,-0.01094
1947.083,-0.00836,0.00960,-0.01092
1947.167,-0.00793,0.00976,-0.01090
1947.250,-0.00720,0.00984,-0.01089
1947.333,-0.00650,0.00974,-0.01087
1947.417,-0.00686,0.00965,-0.01085
1947.500,-0.00600,0.00970,-0.01084
1947.583,-0.00646,0.00964,-0.01082
1947.667,-0.00709,0.00975,-0.01081
1947.750,-0.00841,0.00968,-0.01079
1947.833,-0.00830,0.00951,-0.01077
1947.917,-0.00797,0.00936,-0.01076
1948.000,-0.00847,0.00929,-0.01074
1948.083,-0.00836,0.00935,-0.01073
1948.167,-0.00810,0.00929,-0.01071
1948.250,-0.00842,0.00934,-0.01069
1948.333,-0.00796,0.00937,-0.01068
1948.417,-0.00734,0.00918,-0.01066
1948.500,-0.00643,0.00900,-0.01065
1948.583,-0.00685,0.00892,-0.01063
1948.667,-0.00682,0.00911,-0.01062
1948.750,-0.00740,0.00906,-0.01060
1948.833,-0.00798,0.00910,-0.01058
1948.917,-0.00896,0.00927,-0.01057
1949.000,-0.00904,0.00910,-0.01055
1949.083,-0.00970,0.00906,-0.01054
1949.167,-0.00979,0.00910,-0.01052
1949.250,-0.01010,0.00908,-0.01051
1949.333,-0.01001,0.00901,-0.01049
1949.417,-0.00980,0.00905,-0.01048
1949.500,-0.01019,0.00896,-0.01047
1949.583,-0.01085,0.00904,-0.01045
1949.667,-0.01082,0.00915,-0.01044
1949.750,-0.01069,0.00893,-0.01043
1949.833,-0.01169,0.00875,-0.01042
1949.917,-0.01181,0.00875,-0.01041
1950.000,-0.01195,0.00860,-0.01040
1950.083,-0.01210,0.00866,-0.01040
1950.167,-0.01209,0.00877,-0.01041
1950.250,-0.01105,0.00865,-0.01041
1950.333,-0.01119,0.00858,-0.01042
1950.417,-0.01211,0.00851,-0.01042
1950.500,-0.01206,0.00839,-0.01043
1950.583,-0.01177,0.00831,-0.01043
1950.667,-0.01164,0.00831,-0.01044
1950.750,-0.01125,0.00829,-0.01045
1950.833,-0.01150,0.00818,-0.01045
1950.917,-0.01077,0.00814,-0.01046
1951.000,-0.01037,0.00809,-0.01047
1951.083,-0.00935,0.00806,-0.01048
1951.167,-0.00987,0.00812,-0.01049
1951.250,-0.00917,0.00822,-0.01050
1951.333,-0.00917,0.00827,-0.01051
1951.417,-0.00846,0.00831,-0.01052
1951.500,-0.00910,0.00840,-0.01053
1951.583,-0.00903,0.00855,-0.01054
1951.667,-0.00948,0.00855,-0.01055
1951.750,-0.00928,0.00850,-0.01056
1951.833,-0.01020,0.00855,-0.01058
1951.917,-0.01067,0.00871,-0.01059
1952.000,-0.01018,0.00854,-0.01060
1952.083,-0.01026,0.00856,-0.01061
1952.167,-0.00992,0.00853,-0.01062
1952.250,-0.01071,0.00846,-0.01064
1952.333,-0.01105,0.00848,-0.01065
1952.417,-0.01201,0.00845,-0.01066
1952.500,-0.01163,0.00848,-0.01068
1952.583,-0.01231,0.00868,-0.01069
1952.667,-0.01192,0.00865,-0.01070
1952.750,-0.01290,0.00864,-0.01071
1952.833,-0.01308,0.00856,-0.01073
1952.917,-0.01186,0.00852,-0.01074
1953.000,-0.01173,0.00848,-0.01076
1953.083,-0.01171,0.00845,-0.01077
1953.167,-0.01131,0.00835,-0.01078
1953.250,-0.01132,0.00821,-0.01080
1953.333,-0.01049,0.00806,-0.01081
1953.417,-0.01045,0.00800,-0.01082
1953.500,-0.01058,0.00789,-0.01084
1953.583,-0.00971,0.00784,-0.01085
1953.667,-0.01004,0.00785,-0.01087
1953.750,-0.01044,0.00784,-0.01088
1953.833,-0.01052,0.00781,-0.01089
1953.917,-0.01057,0.00791,-0.01091
1954.000,-0.01131,0.00786,-0.01092
1954.083,-0.01180,0.00780,-0.01094
1954.167,-0.01125,0.00789,-0.01095
1954.250,-0.01104,0.00782,-0.01097
1954.333,-0.01187,0.00793,-0.01098
1954.417,-0.01234,0.00792,-0.01100
1954.500,-0.01182,0.00776,-0.01101
1954.583,-0.01197,0.00762,-0.01103
1954.667,-0.01155,0.00756,-0.01104
1954.750,-0.01098,0.00747,-0.01106
1954.833,-0.01186,0.00754,-0.01107
1954.917,-0.01151,0.00754,-0.01109
1955.000,-0.01051,0.00752,-0.01110
1955.083,-0.01100,0.00759,-0.01112
1955.167,-0.01051,0.00760,-0.01113
1955.250,-0.01018,0.00756,-0.01115
1955.333,-0.01043,0.00762,-0.01116
1955.417,-0.01068,0.00758,-0.01118
1955.500,-0.01048,0.00752,-0.01120
1955.583,-0.00983,0.00760,-0.01121
1955.667,-0.00935,0.00766,-0.01123
1955.750,-0.00999,0.00758,-0.01124
1955.833,-0.01017,0.00748,-0.01126
1955.917,-0.01086,0.00749,-0.01127
1956.000,-0.01106,0.00723,-0.01129
1956.083,-0.01214,0.00713,-0.01130
1956.167,-0.01164,0.00701,-0.01132
1956.250,-0.01139,0.00698,-0.01133
1956.333,-0.01188,0.00707,-0.01135
1956.417,-0.01205,0.00698,-0.01136
1956.500,-0.01221,0.00686,-0.01138
1956.583,-0.01204,0.00692,-0.01139
1956.667,-0.01215,0.00692,-0.01141
1956.750,-0.01166,0.00703,-0.01142
1956.833,-0.01181,0.00706,-0.01144
1956.917,-0.01185,0.00704,-0.01145
1957.000,-0.01148,0.00707,-0.01147
1957.083,-0.01147,0.00724,-0.01148
1957.167,-0.01172,0.00717,-0.01150
1957.250,-0.01219,0.00713,-0.01151
1957.333,-0.01235,0.00713,-0.01153
1957.417,-0.01252,0.00704,-0.01155
1957.500,-0.01274,0.00705,-0.01156
1957.583,-0.01318,0.00719,-0.01158
1957.667,-0.01322,0.00718,-0.01159
1957.750,-0.01284,0.00713,-0.01161
1957.833,-0.01224,0.00713,-0.01162
1957.917,-0.01254,0.00714,-0.01164
1958.000,-0.01267,0.00699,-0.01165
1958.083,-0.01326,0.00696,-0.01167
1958.167,-0.01300,0.00685,-0.01168
1958.250,-0.01313,0.00670,-0.01170
1958.333,-0.01224,0.00663,-0.01172
1958.417,-0.01282,0.00652,-0.01173
1958.500,-0.01123,0.00639,-0.01175
1958.583,-0.01098,0.00649,-0.01176
1958.667,-0.01161,0.00666,-0.01178
1958.750,-0.01253,0.00668,-0.01180
1958.833,-0.01273,0.00671,-0.01181
1958.917,-0.01272,0.00668,-0.01183
1959.000,-0.01299,0.00657,-0.01185
1959.083,-0.01234,0.00660,-0.01186
1959.167,-0.01137,0.00658,-0.01188
1959.250,-0.01078,0.00644,-0.01190
1959.333,-0.01107,0.00648,-0.01191
1959.417,-0.01190,0.00627,-0.01193
1959.500,-0.01215,0.00622,-0.01195
1959.583,-0.01239,0.00615,-0.01196
1959.667,-0.01207,0.00613,-0.01198
1959.750,-0.01208,0.00622,-0.01200
1959.833,-0.01162,0.00614,-0.01201
1959.917,-0.01146,0.00605,-0.01203
1960.000,-0.01141,0.00597,-0.01204
1960.083,-0.01064,0.00599,-0.01206
1960.167,-0.01123,0.00605,-0.01208
1960.250,-0.01124,0.00602,-0.01209
1960.333,-0.01079,0.00598,-0.01211
1960.417,-0.01099,0.00593,-0.01212
1960.500,-0.01136,0.00589,-0.01214
1960.583,-0.01151,0.00607,-0.01215
1960.667,-0.01109,0.00612,-0.01217
1960.750,-0.01027,0.00616,-0.01218
1960.833,-0.00913,0.00620,-0.01220
1960.917,-0.00919,0.00625,-0.01221
1961.000,-0.00929,0.00617,-0.01223
1961.083,-0.01002,0.00628,-0.01224
1961.167,-0.01079,0.00630,-0.01225
1961.250,-0.01080,0.00630,-0.01227
1961.333,-0.01096,0.00628,-0.01228
1961.417,-0.01077,0.00632,-0.01229
1961.500,-0.01084,0.00630,-0.01231
1961.583,-0.01100,0.00640,-0.01232
1961.667,-0.01173,0.00655,-0.01233
1961.750,-0.01209,0.00649,-0.01234
1961.833,-0.01249,0.00644,-0.01235
1961.917,-0.01205,0.00646,-0.01237
1962.000,-0.01079,0.00635,-0.01238
1962.083,-0.01078,0.00629,-0.01239
1962.167,-0.01020,0.00629,-0.01240
1962.250,-0.01074,0.00621,-0.01241
1962.333,-0.01137,0.00620,-0.01242
1962.417,-0.01130,0.00615,-0.01243
1962.500,-0.01161,0.00617,-0.01244
1962.583,-0.01137,0.00623,-0.01245
1962.667,-0.01205,0.00625,-0.01246
1962.750,-0.01229,0.00636,-0.01247
1962.833,-0.01259,0.00640,-0.01248
1962.917,-0.01298,0.00636,-0.01249
1963.000,-0.01217,0.00626,-0.01250
1963.083,-0.01331,0.00630,-0.01251
1963.167,-0.01421,0.00620,-0.01252
1963.250,-0.01434,0.00618,-0.01253
1963.333,-0.01428,0.00621,-0.01254
1963.417,-0.01390,0.00608,-0.01255
1963.500,-0.01381,0.00600,-0.01256
1963.583,-0.01400,0.00606,-0.01257
1963.667,-0.01341,0.00613,-0.01257
1963.750,-0.01322,0.00611,-0.01258
1963.833,-0.01340,0.00609,-0.01259
1963.917,-0.01343,0.00599,-0.01260
1964.000,-0.01350,0.00588,-0.01261
1964.083,-0.01300,0.00598,-0.01262
1964.167,-0.01330,0.00607,-0.01263
1964.250,-0.01359,0.00605,-0.01264
1964.333,-0.01454,0.00601,-0.01265
1964.417,-0.01417,0.00596,-0.01266
1964.500,-0.01392,0.00600,-0.01267
1964.583,-0.01430,0.00610,-0.01268
1964.667,-0.01390,0.00618,-0.01269
1964.750,-0.01412,0.00613,-0.01269
1964.833,-0.01327,0.00617,-0.01270
1964.917,-0.01380,0.00609,-0.01271
1965.000,-0.01324,0.00600,-0.01272
1965.083,-0.01391,0.00601,-0.01273
1965.167,-0.01436,0.00601,-0.01274
1965.250,-0.01405,0.00592,-0.01275
1965.333,-0.01401,0.00587,-0.01276
1965.417,-0.01445,0.00585,-0.01277
1965.500,-0.01477,0.00582,-0.01278
1965.583,-0.01466,0.00584,-0.01279
1965.667,-0.01427,0.00583,-0.01280
1965.750,-0.01429,0.00571,-0.01281
1965.833,-0.01448,0.00571,-0.01282
1965.917,-0.01453,0.00575,-0.01283
1966.000,-0.01489,0.00578,-0.01284
1966.083,-0.01429,0.00577,-0.01285
1966.167,-0.01374,0.00587,-0.01286
1966.250,-0.01324,0.00583,-0.01287
1966.333,-0.01329,0.00572,-0.01288
1966.417,-0.01346,0.00569,-0.01289
1966.500,-0.01300,0.00570,-0.01290
1966.583,-0.01321,0.00581,-0.01291
1966.667,-0.01322,0.00588,-0.01291
1966.750,-0.01301,0.00597,-0.01292
1966.833,-0.01214,0.00595,-0.01293
1966.917,-0.01218,0.00598,-0.01294
1967.000,-0.01185,0.00589,-0.01295
1967.083,-0.01158,0.00582,-0.01295
1967.167,-0.01152,0.00592,-0.01296
1967.250,-0.01215,0.00598,-0.01297
1967.333,-0.01239,0.00603,-0.01297
1967.417,-0.01209,0.00604,-0.01298
1967.500,-0.01329,0.00593,-0.01298
1967.583,-0.01375,0.00591,-0.01299
1967.667,-0.01480,0.00593,-0.01299
1967.750,-0.01432,0.00586,-0.01300
1967.833,-0.01423,0.00584,-0.01300
1967.917,-0.01459,0.00588,-0.01300
1968.000,-0.01421,0.00571,-0.01300
1968.083,-0.01375,0.00570,-0.01301
1968.167,-0.01383,0.00577,-0.01301
1968.250,-0.01335,0.00572,-0.01301
1968.333,-0.01298,0.00556,-0.01301
1968.417,-0.01344,0.00552,-0.01301
1968.500,-0.01283,0.00555,-0.01301
1968.583,-0.01318,0.00552,-0.01301
1968.667,-0.01276,0.00553,-0.01300
1968.750,-0.01273,0.00547,-0.01300
1968.833,-0.01269,0.00545,-0.01300
1968.917,-0.01286,0.00547,-0.01300
1969.000,-0.01274,0.00535,-0.01299
1969.083,-0.01305,0.00533,-0.01299
1969.167,-0.01293,0.00534,-0.01298
1969.250,-0.01315,0.00534,-0.01297
1969.333,-0.01233,0.00538,-0.01297
1969.417,-0.01183,0.00535,-0.01296
1969.500,-0.01192,0.00532,-0.01295
1969.583,-0.01134,0.00533,-0.01294
1969.667,-0.01182,0.00539,-0.01293
1969.750,-0.01212,0.00531,-0.01292
1969.833,-0.01179,0.00541,-0.01291
1969.917,-0.01168,0.00545,-0.01290
1970.000,-0.01135,0.00534,-0.01289
1970.083,-0.01159,0.00537,-0.01288
1970.167,-0.01185,0.00542,-0.01287
1970.250,-0.01187,0.00537,-0.01285
1970.333,-0.01180,0.00543,-0.01284
1970.417,-0.01162,0.00540,-0.01283
1970.500,-0.01174,0.00533,-0.01281
1970.583,-0.01183,0.00543,-0.01280
1970.667,-0.01262,0.00547,-0.01278
1970.750,-0.01289,0.00541,-0.01277
1970.833,-0.01327,0.00539,-0.01275
1970.917,-0.01325,0.00535,-0.01273
1971.000,-0.01358,0.00526,-0.01272
1971.083,-0.01381,0.00522,-0.01270
1971.167,-0.01379,0.00526,-0.01269
1971.250,-0.01392,0.00524,-0.01267
1971.333,-0.01444,0.00525,-0.01265
1971.417,-0.01439,0.00521,-0.01263
1971.500,-0.01360,0.00523,-0.01262
1971.583,-0.01325,0.00521,-0.01260
1971.667,-0.01266,0.00520,-0.01258
1971.750,-0.01277,0.00516,-0.01256
1971.833,-0.01305,0.00524,-0.01255
1971.917,-0.01351,0.00527,-0.01253
1972.000,-0.01415,0.00511,-0.01251
1972.083,-0.01409,0.00509,-0.01249
1972.167,-0.01442,0.00511,-0.01247
1972.250,-0.01488,0.00509,-0.01246
1972.333,-0.01494,0.00505,-0.01244
1972.417,-0.01485,0.00497,-0.01242
1972.500,-0.01421,0.00497,-0.01240
1972.583,-0.01460,0.00497,-0.01238
1972.667,-0.01434,0.00500,-0.01236
1972.750,-0.01389,0.00496,-0.01234
1972.833,-0.01406,0.00494,-0.01233
1972.917,-0.01418,0.00490,-0.01231
1973.000,-0.01371,0.00482,-0.01229
1973.083,-0.01388,0.00479,-0.01227
1973.167,-0.01369,0.00486,-0.01225
1973.250,-0.01352,0.00494,-0.01223
1973.333,-0.01329,0.00498,-0.01221
1973.417,-0.01310,0.00502,-0.01219
1973.500,-0.01336,0.00502,-0.01217
1973.583,-0.01359,0.00508,-0.01215
1973.667,-0.01343,0.00507,-0.01213
1973.750,-0.01342,0.00497,-0.01211
1973.833,-0.01312,0.00495,-0.01209
1973.917,-0.01231,0.00499,-0.01207
1974.000,-0.01259,0.00493,-0.01205
1974.083,-0.01266,0.00498,-0.01203
1974.167,-0.01259,0.00502,-0.01201
1974.250,-0.01226,0.00508,-0.01199
1974.333,-0.01152,0.00511,-0.01197
1974.417,-0.01220,0.00515,-0.01195
1974.500,-0.01209,0.00520,-0.01193
1974.583,-0.01208,0.00524,-0.01190
1974.667,-0.01152,0.00532,-0.01188
1974.750,-0.01083,0.00537,-0.01186
1974.833,-0.01036,0.00542,-0.01184
1974.917,-0.01035,0.00548,-0.01182
1975.000,-0.01077,0.00535,-0.01180
1975.083,-0.01121,0.00535,-0.01178
1975.167,-0.01054,0.00530,-0.01175
1975.250,-0.01076,0.00523,-0.01173
1975.333,-0.01079,0.00524,-0.01171
1975.417,-0.01088,0.00520,-0.01169
1975.500,-0.01109,0.00512,-0.01167
1975.583,-0.01102,0.00508,-0.01164
1975.667,-0.01064,0.00507,-0.01162
1975.750,-0.01020,0.00494,-0.01160
1975.833,-0.01074,0.00489,-0.01158
1975.917,-0.01129,0.00491,-0.01155
1976.000,-0.01085,0.00474,-0.01153
1976.083,-0.01116,0.00464,-0.01151
1976.167,-0.01008,0.00447,-0.01149
1976.250,-0.01076,0.00437,-0.01146
1976.333,-0.01084,0.00424,-0.01144
1976.417,-0.01135,0.00425,-0.01141
1976.500,-0.01109,0.00434,-0.01139
1976.583,-0.01032,0.00432,-0.01137
1976.667,-0.01015,0.00426,-0.01134
1976.750,-0.01070,0.00426,-0.01132
1976.833,-0.01153,0.00433,-0.01129
1976.917,-0.01132,0.00442,-0.01126
1977.000,-0.01121,0.00431,-0.01124
1977.083,-0.01165,0.00421,-0.01121
1977.167,-0.01132,0.00417,-0.01119
1977.250,-0.01012,0.00410,-0.01116
1977.333,-0.01027,0.00408,-0.01113
1977.417,-0.01125,0.00412,-0.01111
1977.500,-0.01126,0.00412,-0.01108
1977.583,-0.01113,0.00407,-0.01105
1977.667,-0.01157,0.00409,-0.01102
1977.750,-0.01053,0.00401,-0.01099
1977.833,-0.01048,0.00403,-0.01096
1977.917,-0.01036,0.00411,-0.01093
1978.000,-0.01005,0.00406,-0.01090
1978.083,-0.00915,0.00408,-0.01087
1978.167,-0.00830,0.00415,-0.01084
1978.250,-0.00825,0.00423,-0.01081
1978.333,-0.00871,0.00429,-0.01078
1978.417,-0.00943,0.00419,-0.01075
1978.500,-0.01046,0.00427,-0.01072
1978.583,-0.01108,0.00439,-0.01069
1978.667,-0.01187,0.00446,-0.01066
1978.750,-0.01153,0.00439,-0.01062
1978.833,-0.01152,0.00441,-0.01059
1978.917,-0.01200,0.00439,-0.01056
1979.000,-0.01139,0.00427,-0.01053
1979.083,-0.01221,0.00415,-0.01050
1979.167,-0.01297,0.00405,-0.01046
1979.250,-0.01286,0.00403,-0.01043
1979.333,-0.01242,0.00405,-0.01040
1979.417,-0.01233,0.00401,-0.01037
1979.500,-0.01274,0.00392,-0.01034
1979.583,-0.01213,0.00390,-0.01030
1979.667,-0.01107,0.00390,-0.01027
1979.750,-0.01163,0.00392,-0.01024
1979.833,-0.01093,0.00391,-0.01021
1979.917,-0.01068,0.00391,-0.01018
1980.000,-0.01069,0.00373,-0.01015
1980.083,-0.01055,0.00373,-0.01012
1980.167,-0.01067,0.00377,-0.01009
1980.250,-0.01103,0.00373,-0.01006
1980.333,-0.01141,0.00373,-0.01003
1980.417,-0.01162,0.00372,-0.01000
1980.500,-0.01136,0.00373,-0.00997
1980.583,-0.01053,0.00382,-0.00994
1980.667,-0.01014,0.00372,-0.00991
1980.750,-0.00911,0.00363,-0.00989
1980.833,-0.00904,0.00367,-0.00986
1980.917,-0.00883,0.00360,-0.00983
1981.000,-0.00891,0.00350,-0.00981
1981.083,-0.00854,0.00357,-0.00978
1981.167,-0.00869,0.00353,-0.00975
1981.250,-0.00866,0.00350,-0.00973
1981.333,-0.00882,0.00353,-0.00970
1981.417,-0.00888,0.00355,-0.00968
1981.500,-0.00856,0.00352,-0.00966
1981.583,-0.00828,0.00349,-0.00963
1981.667,-0.00845,0.00357,-0.00961
1981.750,-0.00820,0.00358,-0.00959
1981.833,-0.00852,0.00355,-0.00956
1981.917,-0.00811,0.00364,-0.00954
1982.000,-0.00758,0.00371,-0.00952
1982.083,-0.00773,0.00392,-0.00950
1982.167,-0.00783,0.00405,-0.00948
1982.250,-0.00870,0.00423,-0.00946
1982.333,-0.00821,0.00421,-0.00944
1982.417,-0.00801,0.00410,-0.00942
1982.500,-0.00819,0.00411,-0.00939
1982.583,-0.00834,0.00412,-0.00937
1982.667,-0.00867,0.00414,-0.00935
1982.750,-0.00890,0.00421,-0.00934
1982.833,-0.00927,0.00427,-0.00932
1982.917,-0.01023,0.00429,-0.00930
1983.000,-0.01092,0.00417,-0.00928
1983.083,-0.01075,0.00408,-0.00926
1983.167,-0.01071,0.00409,-0.00924
1983.250,-0.01077,0.00410,-0.00922
1983.333,-0.01073,0.00416,-0.00920
1983.417,-0.01081,0.00406,-0.00918
1983.500,-0.00976,0.00411,-0.00917
1983.583,-0.01000,0.00429,-0.00915
1983.667,-0.01056,0.00437,-0.00913
1983.750,-0.01106,0.00449,-0.00911
1983.833,-0.01146,0.00448,-0.00909
1983.917,-0.01086,0.00441,-0.00908
1984.000,-0.01072,0.00429,-0.00906
1984.083,-0.01011,0.00428,-0.00904
1984.167,-0.01040,0.00426,-0.00902
1984.250,-0.01060,0.00431,-0.00900
1984.333,-0.01078,0.00439,-0.00899
1984.417,-0.01006,0.00423,-0.00897
1984.500,-0.00957,0.00411,-0.00895
1984.583,-0.01017,0.00413,-0.00893
1984.667,-0.00995,0.00420,-0.00892
1984.750,-0.00972,0.00417,-0.00890
1984.833,-0.00893,0.00411,-0.00888
1984.917,-0.00875,0.00406,-0.00886
1985.000,-0.00852,0.00405,-0.00884
1985.083,-0.00837,0.00407,-0.00883
1985.167,-0.00749,0.00401,-0.00881
1985.250,-0.00668,0.00401,-0.00879
1985.333,-0.00660,0.00396,-0.00877
1985.417,-0.00614,0.00396,-0.00875
1985.500,-0.00598,0.00396,-0.00873
1985.583,-0.00565,0.00411,-0.00872
1985.667,-0.00540,0.00411,-0.00870
1985.750,-0.00557,0.00409,-0.00868
1985.833,-0.00556,0.00409,-0.00866
1985.917,-0.00517,0.00401,-0.00864
1986.000,-0.00508,0.00390,-0.00862
1986.083,-0.00496,0.00385,-0.00860
1986.167,-0.00489,0.00386,-0.00858
1986.250,-0.00531,0.00387,-0.00856
1986.333,-0.00643,0.00396,-0.00854
1986.417,-0.00649,0.00396,-0.00852
1986.500,-0.00630,0.00394,-0.00850
1986.583,-0.00637,0.00388,-0.00848
1986.667,-0.00660,0.00384,-0.00846
1986.750,-0.00656,0.00383,-0.00844
1986.833,-0.00699,0.00377,-0.00842
1986.917,-0.00740,0.00383,-0.00840
1987.000,-0.00768,0.00368,-0.00838
1987.083,-0.00795,0.00364,-0.00836
1987.167,-0.00812,0.00368,-0.00834
1987.250,-0.00764,0.00371,-0.00831
1987.333,-0.00783,0.00372,-0.00829
1987.417,-0.00788,0.00367,-0.00827
1987.500,-0.00763,0.00358,-0.00825
1987.583,-0.00763,0.00356,-0.00823
1987.667,-0.00786,0.00359,-0.00820
1987.750,-0.00857,0.00351,-0.00818
1987.833,-0.00873,0.00352,-0.00816
1987.917,-0.00913,0.00350,-0.00814
1988.000,-0.00908,0.00335,-0.00811
1988.083,-0.00969,0.00334,-0.00809
1988.167,-0.01050,0.00335,-0.00807
1988.250,-0.00985,0.00343,-0.00804
1988.333,-0.00971,0.00348,-0.00802
1988.417,-0.00936,0.00348,-0.00800
1988.500,-0.00944,0.00341,-0.00797
1988.583,-0.00976,0.00346,-0.00795
1988.667,-0.00956,0.00349,-0.00793
1988.750,-0.01009,0.00360,-0.00791
1988.833,-0.01040,0.00366,-0.00788
1988.917,-0.01027,0.00365,-0.00786
1989.000,-0.00975,0.00345,-0.00784
1989.083,-0.00913,0.00346,-0.00781
1989.167,-0.00854,0.00345,-0.00779
1989.250,-0.00827,0.00355,-0.00777
1989.333,-0.00791,0.00358,-0.00775
1989.417,-0.00816,0.00352,-0.00772
1989.500,-0.00774,0.00347,-0.00770
1989.583,-0.00808,0.00343,-0.00768
1989.667,-0.00813,0.00347,-0.00765
1989.750,-0.00829,0.00350,-0.00763
1989.833,-0.00883,0.00345,-0.00761
1989.917,-0.00979,0.00350,-0.00759
1990.000,-0.00981,0.00331,-0.00756
1990.083,-0.00985,0.00324,-0.00754
1990.167,-0.00964,0.00319,-0.00752
1990.250,-0.01007,0.00318,-0.00749
1990.333,-0.00978,0.00318,-0.00747
1990.417,-0.00944,0.00317,-0.00745
1990.500,-0.00890,0.00311,-0.00743
1990.583,-0.00817,0.00317,-0.00740
1990.667,-0.00786,0.00321,-0.00738
1990.750,-0.00692,0.00323,-0.00736
1990.833,-0.00657,0.00335,-0.00733
1990.917,-0.00582,0.00343,-0.00731
1991.000,-0.00591,0.00338,-0.00729
1991.083,-0.00569,0.00334,-0.00727
1991.167,-0.00640,0.00331,-0.00724
1991.250,-0.00688,0.00314,-0.00722
1991.333,-0.00709,0.00316,-0.00720
1991.417,-0.00768,0.00320,-0.00717
1991.500,-0.00833,0.00325,-0.00715
1991.583,-0.00785,0.00331,-0.00713
1991.667,-0.00825,0.00326,-0.00711
1991.750,-0.00832,0.00327,-0.00708
1991.833,-0.00790,0.00332,-0.00706
1991.917,-0.00803,0.00342,-0.00704
1992.000,-0.00758,0.00340,-0.00701
1992.083,-0.00838,0.00342,-0.00699
1992.167,-0.00825,0.00340,-0.00697
1992.250,-0.00768,0.00343,-0.00695
1992.333,-0.00781,0.00339,-0.00692
1992.417,-0.00687,0.00322,-0.00690
1992.500,-0.00763,0.00313,-0.00688
1992.583,-0.00773,0.00306,-0.00685
1992.667,-0.00824,0.00301,-0.00683
1992.750,-0.00820,0.00291,-0.00681
1992.833,-0.00778,0.00294,-0.00678
1992.917,-0.00762,0.00302,-0.00676
1993.000,-0.00744,0.00296,-0.00673
1993.083,-0.00679,0.00302,-0.00671
1993.167,-0.00660,0.00303,-0.00669
1993.250,-0.00681,0.00306,-0.00666
1993.333,-0.00671,0.00302,-0.00664
1993.417,-0.00684,0.00297,-0.00661
1993.500,-0.00703,0.00304,-0.00659
1993.583,-0.00718,0.00295,-0.00656
1993.667,-0.00635,0.00294,-0.00653
1993.750,-0.00642,0.00292,-0.00651
1993.833,-0.00679,0.00296,-0.00648
1993.917,-0.00648,0.00288,-0.00645
1994.000,-0.00612,0.00280,-0.00643
1994.083,-0.00591,0.00286,-0.00640
1994.167,-0.00575,0.00279,-0.00637
1994.250,-0.00545,0.00284,-0.00634
1994.333,-0.00572,0.00281,-0.00631
1994.417,-0.00631,0.00286,-0.00628
1994.500,-0.00604,0.00278,-0.00625
1994.583,-0.00573,0.00278,-0.00622
1994.667,-0.00592,0.00285,-0.00619
1994.750,-0.00602,0.00283,-0.00616
1994.833,-0.00588,0.00280,-0.00613
1994.917,-0.00636,0.00279,-0.00609
1995.000,-0.00507,0.00262,-0.00606
1995.083,-0.00496,0.00253,-0.00603
1995.167,-0.00498,0.00250,-0.00599
1995.250,-0.00511,0.00255,-0.00596
1995.333,-0.00517,0.00258,-0.00593
1995.417,-0.00467,0.00266,-0.00589
1995.500,-0.00414,0.00274,-0.00585
1995.583,-0.00383,0.00273,-0.00582
1995.667,-0.00376,0.00272,-0.00578
1995.750,-0.00450,0.00268,-0.00575
1995.833,-0.00489,0.00267,-0.00571
1995.917,-0.00492,0.00268,-0.00567
1996.000,-0.00360,0.00259,-0.00563
1996.083,-0.00352,0.00260,-0.00560
1996.167,-0.00344,0.00263,-0.00556
1996.250,-0.00346,0.00258,-0.00552
1996.333,-0.00373,0.00274,-0.00548
1996.417,-0.00381,0.00293,-0.00545
1996.500,-0.00481,0.00302,-0.00541
1996.583,-0.00529,0.00300,-0.00537
1996.667,-0.00555,0.00300,-0.00533
1996.750,-0.00578,0.00304,-0.00529
1996.833,-0.00625,0.00307,-0.00525
1996.917,-0.00633,0.00303,-0.00521
1997.000,-0.00553,0.00298,-0.00517
1997.083,-0.00510,0.00297,-0.00514
1997.167,-0.00494,0.00300,-0.00510
1997.250,-0.00467,0.00298,-0.00506
1997.333,-0.00449,0.00299,-0.00502
1997.417,-0.00434,0.00304,-0.00498
1997.500,-0.00508,0.00304,-0.00494
1997.583,-0.00578,0.00303,-0.00490
1997.667,-0.00598,0.00299,-0.00486
1997.750,-0.00644,0.00297,-0.00482
1997.833,-0.00632,0.00296,-0.00479
1997.917,-0.00609,0.00302,-0.00475
1998.000,-0.00601,0.00290,-0.00471
1998.083,-0.00609,0.00286,-0.00467
1998.167,-0.00646,0.00288,-0.00463
1998.250,-0.00646,0.00274,-0.00459
1998.333,-0.00599,0.00260,-0.00456
1998.417,-0.00578,0.00252,-0.00452
1998.500,-0.00549,0.00244,-0.00448
1998.583,-0.00550,0.00241,-0.00444
1998.667,-0.00557,0.00236,-0.00441
1998.750,-0.00536,0.00228,-0.00437
1998.833,-0.00533,0.00233,-0.00433
1998.917,-0.00569,0.00228,-0.00430
1999.000,-0.00485,0.00219,-0.00426
1999.083,-0.00471,0.00224,-0.00422
1999.167,-0.00490,0.00227,-0.00419
1999.250,-0.00473,0.00233,-0.00415
1999.333,-0.00397,0.00235,-0.00412
1999.417,-0.00349,0.00232,-0.00408
1999.500,-0.00361,0.00230,-0.00405
1999.583,-0.00392,0.00236,-0.00401
1999.667,-0.00411,0.00233,-0.00398
1999.750,-0.00453,0.00232,-0.00394
1999.833,-0.00448,0.00231,-0.00391
1999.917,-0.00405,0.00243,-0.00388
2000.000,-0.00406,0.00242,-0.00384
2000.083,-0.00406,0.00249,-0.00381
2000.167,-0.00389,0.00252,-0.00378
2000.250,-0.00374,0.00246,-0.00375
2000.333,-0.00314,0.00242,-0.00371
2000.417,-0.00353,0.00238,-0.00368
2000.500,-0.00356,0.00231,-0.00365
2000.583,-0.00366,0.00233,-0.00362
2000.667,-0.00312,0.00237,-0.00359
2000.750,-0.00331,0.00244,-0.00356
2000.833,-0.00391,0.00247,-0.00353
2000.917,-0.00407,0.00241,-0.00350
2001.000,-0.00384,0.00228,-0.00347
2001.083,-0.00381,0.00227,-0.00344
2001.167,-0.00368,0.00232,-0.00341
2001.250,-0.00357,0.00234,-0.00338
2001.333,-0.00330,0.00229,-0.00336
2001.417,-0.00307,0.00223,-0.00333
2001.500,-0.00266,0.00223,-0.00330
2001.583,-0.00266,0.00228,-0.00327
2001.667,-0.00270,0.00233,-0.00325
2001.750,-0.00307,0.00240,-0.00322
2001.833,-0.00283,0.00242,-0.00320
2001.917,-0.00245,0.00240,-0.00317
2002.000,-0.00257,0.00226,-0.00314
2002.083,-0.00293,0.00228,-0.00312
2002.167,-0.00283,0.00230,-0.00309
2002.250,-0.00289,0.00226,-0.00307
2002.333,-0.00283,0.00222,-0.00304
2002.417,-0.00310,0.00221,-0.00302
2002.500,-0.00308,0.00219,-0.00299
2002.583,-0.00282,0.00224,-0.00297
2002.667,-0.00273,0.00226,-0.00294
2002.750,-0.00288,0.00223,-0.00292
2002.833,-0.00292,0.00213,-0.00289
2002.917,-0.00254,0.00211,-0.00287
2003.000,-0.00175,0.00202,-0.00284
2003.083,-0.00177,0.00204,-0.00282
2003.167,-0.00192,0.00208,-0.00279
2003.250,-0.00228,0.00209,-0.00277
2003.333,-0.00238,0.00211,-0.00274
2003.417,-0.00274,0.00207,-0.00271
2003.500,-0.00293,0.00203,-0.00269
2003.583,-0.00259,0.00199,-0.00266
2003.667,-0.00263,0.00203,-0.00264
2003.750,-0.00244,0.00206,-0.00261
2003.833,-0.00226,0.00207,-0.00259
2003.917,-0.00194,0.00203,-0.00256
2004.000,-0.00126,0.00195,-0.00253
2004.083,-0.00122,0.00195,-0.00251
2004.167,-0.00089,0.00192,-0.00248
2004.250,-0.00097,0.00191,-0.00245
2004.333,-0.00142,0.00189,-0.00243
2004.417,-0.00112,0.00186,-0.00240
2004.500,-0.00125,0.00182,-0.00237
2004.583,-0.00119,0.00182,-0.00235
2004.667,-0.00102,0.00180,-0.00232
2004.750,-0.00122,0.00177,-0.00229
2004.833,-0.00135,0.00174,-0.00226
2004.917,-0.00128,0.00172,-0.00224
2005.000,-0.00117,0.00165,-0.00221
2005.083,-0.00096,0.00162,-0.00218
2005.167,-0.00118,0.00158,-0.00215
2005.250,-0.00113,0.00157,-0.00212
2005.333,-0.00132,0.00156,-0.00210
2005.417,-0.00128,0.00153,-0.00207
2005.500,-0.00123,0.00153,-0.00204
2005.583,-0.00124,0.00149,-0.00201
2005.667,-0.00118,0.00145,-0.00198
2005.750,-0.00094,0.00141,-0.00196
2005.833,-0.00077,0.00140,-0.00193
2005.917,-0.00050,0.00140,-0.00190
2006.000,-0.00002,0.00107,-0.00187
2006.083,0.00010,0.00105,-0.00184
2006.167,-0.00014,0.00103,-0.00182
2006.250,-0.00010,0.00103,-0.00179
2006.333,-0.00055,0.00104,-0.00176
2006.417,-0.00069,0.00104,-0.00173
2006.500,-0.00068,0.00103,-0.00170
2006.583,-0.00066,0.00119,-0.00168
2006.667,-0.00159,0.00117,-0.00165
2006.750,-0.00283,0.00116,-0.00162
2006.833,-0.00360,0.00116,-0.00160
2006.917,-0.00323,0.00116,-0.00157
2007.000,-0.00204,0.00113,-0.00154
2007.083,-0.00198,0.00111,-0.00152
2007.167,-0.00189,0.00113,-0.00149
2007.250,-0.00146,0.00111,-0.00146
2007.333,-0.00149,0.00113,-0.00144
2007.417,-0.00119,0.00116,-0.00141
2007.500,-0.00169,0.00117,-0.00139
2007.583,-0.00124,0.00118,-0.00136
2007.667,-0.00126,0.00117,-0.00134
2007.750,-0.00149,0.00114,-0.00131
2007.833,-0.00227,0.00115,-0.00129
2007.917,-0.00235,0.00111,-0.00126
2008.000,-0.00250,0.00104,-0.00124
2008.083,-0.00248,0.00104,-0.00122
2008.167,-0.00270,0.00108,-0.00119
2008.250,-0.00221,0.00110,-0.00117
2008.333,-0.00194,0.00106,-0.00115
2008.417,-0.00188,0.00102,-0.00112
2008.500,-0.00208,0.00097,-0.00110
2008.583,-0.00252,0.00092,-0.00108
2008.667,-0.00272,0.00084,-0.00105
2008.750,-0.00266,0.00085,-0.00103
2008.833,-0.00306,0.00085,-0.00101
2008.917,-0.00257,0.00086,-0.00099
2009.000,-0.00286,0.00086,-0.00096
2009.083,-0.00309,0.00090,-0.00094
2009.167,-0.00303,0.00088,-0.00092
2009.250,-0.00269,0.00085,-0.00090
2009.333,-0.00238,0.00083,-0.00088
2009.417,-0.00153,0.00080,-0.00085
2009.500,-0.00089,0.00080,-0.00083
2009.583,-0.00095,0.00084,-0.00081
2009.667,-0.00135,0.00081,-0.00079
2009.750,-0.00166,0.00082,-0.00077
2009.833,-0.00189,0.00085,-0.00075
2009.917,-0.00180,0.00080,-0.00073
2010.000,-0.00173,0.00070,-0.00070
2010.083,-0.00217,0.00068,-0.00068
2010.167,-0.00221,0.00065,-0.00066
2010.250,-0.00238,0.00067,-0.00064
2010.333,-0.00174,0.00072,-0.00062
2010.417,-0.00118,0.00067,-0.00060
2010.500,-0.00074,0.00067,-0.00057
2010.583,-0.00107,0.00069,-0.00055
2010.667,-0.00137,0.00068,-0.00053
2010.750,-0.00130,0.00070,-0.00051
2010.833,-0.00163,0.00071,-0.00049
2010.917,-0.00069,0.00068,-0.00047
2011.000,-0.00078,0.00065,-0.00045
2011.083,-0.00068,0.00063,-0.00043
2011.167,0.00014,0.00063,-0.00041
2011.250,0.00070,0.00062,-0.00039
2011.333,0.00114,0.00065,-0.00037
2011.417,0.00124,0.00060,-0.00035
2011.500,0.00142,0.00057,-0.00033
2011.583,0.00155,0.00053,-0.00031
2011.667,0.00107,0.00050,-0.00029
2011.750,0.00111,0.00049,-0.00027
2011.833,0.00068,0.00047,-0.00025
2011.917,0.00105,0.00048,-0.00023
2012.000,0.00094,0.00051,-0.00021
2012.083,0.00085,0.00052,-0.00019
2012.167,0.00102,0.00051,-0.00017
2012.250,0.00123,0.00051,-0.00015
2012.333,0.00110,0.00051,-0.00014
2012.417,0.00063,0.00045,-0.00012
2012.500,0.00036,0.00048,-0.00010
2012.583,0.00012,0.00047,-0.00008
2012.667,0.00014,0.00047,-0.00006
2012.750,0.00005,0.00042,-0.00004
2012.833,-0.00041,0.00044,-0.00002
2012.917,-0.00026,0.00040,-0.00000
2013.000,-0.00011,0.00038,0.00002
2013.083,0.00045,0.00038,0.00004
2013.167,0.00011,0.00039,0.00005
2013.250,0.00026,0.00044,0.00007
2013.333,0.00067,0.00043,0.00009
2013.417,0.00111,0.00046,0.00011
2013.500,0.00077,0.00043,0.00013
2013.583,0.00096,0.00047,0.00015
2013.667,0.00094,0.00043,0.00017
2013.750,0.00109,0.00042,0.00019
2013.833,0.00147,0.00047,0.00021
2013.917,0.00156,0.00045,0.00023
2014.000,0.00051,0.00052,0.00024
2014.083,-0.00023,0.00056,0.00026
2014.167,-0.00019,0.00057,0.00028
2014.250,0.00023,0.00060,0.00030
2014.333,0.00085,0.00064,0.00032
2014.417,0.00084,0.00061,0.00034
2014.500,0.00054,0.00059,0.00036
2014.583,0.00046,0.00060,0.00038
2014.667,0.00072,0.00062,0.00040
2014.750,0.00088,0.00065,0.00042
2014.833,0.00079,0.00062,0.00044
2014.917,0.00125,0.00058,0.00045
2015.000,0.00127,0.00056,0.00047
2015.083,0.00126,0.00054,0.00049
2015.167,0.00191,0.00055,0.00051
2015.250,0.00210,0.00053,0.00053
2015.333,0.00162,0.00055,0.00055
2015.417,0.00146,0.00062,0.00057
2015.500,0.00081,0.00062,0.00059
2015.583,0.00079,0.00060,0.00061
2015.667,0.00027,0.00060,0.00063
2015.750,0.00005,0.00063,0.00065
2015.833,-0.00052,0.00064,0.00067
2015.917,-0.00058,0.00067,0.00069
2016.000,-0.00040,0.00073,0.00071
2016.083,-0.00017,0.00077,0.00072
2016.167,0.00027,0.00075,0.00074
2016.250,0.00071,0.00072,0.00076
2016.333,0.00063,0.00073,0.00078
2016.417,0.00099,0.00075,0.00080
2016.500,0.00061,0.00074,0.00082
2016.583,0.00053,0.00076,0.00084
2016.667,0.00046,0.00078,0.00086
2016.750,0.00029,0.00079,0.00088
2016.833,0.00009,0.00082,0.00090
2016.917,0.00113,0.00088,0.00092
2017.000,0.00118,0.00091,0.00094
2017.083,0.00205,0.00088,0.00096
2017.167,0.00258,0.00086,0.00098
2017.250,0.00310,0.00089,0.00100
2017.333,0.00294,0.00089,0.00101
2017.417,0.00243,0.00090,0.00103
2017.500,0.00135,0.00091,0.00105
2017.583,0.00138,0.00091,0.00107
2017.667,0.00192,0.00096,0.00109
2017.750,0.00234,0.00097,0.00111
2017.833,0.00227,0.00100,0.00113
2017.917,0.00222,0.00102,0.00115
2018.000,0.00193,0.00104,0.00117
2018.083,0.00193,0.00099,0.00119
2018.167,0.00156,0.00098,0.00121
2018.250,0.00170,0.00098,0.00123
2018.333,0.00119,0.00097,0.00125
2018.417,0.00120,0.00096,0.00127
2018.500,0.00088,0.00093,0.00128
2018.583,0.00136,0.00094,0.00130
2018.667,0.00158,0.00095,0.00132
2018.750,0.00194,0.00095,0.00134
2018.833,0.00203,0.00098,0.00136
2018.917,0.00175,0.00101,0.00138
2019.000,0.00177,0.00107,0.00140
2019.083,0.00216,0.00107,0.00142
2019.167,0.00162,0.00104,0.00144
2019.250,0.00186,0.00109,0.00146
2019.333,0.00180,0.00110,0.00147
2019.417,0.00171,0.00110,0.00149
2019.500,0.00154,0.00108,0.00151
2019.583,0.00159,0.00108,0.00153
2019.667,0.00125,0.00108,0.00155
2019.750,0.00141,0.00112,0.00157
2019.833,0.00028,0.00115,0.00159