"year","global mean SC","2s.d. error range","smoothed global mean SC, by LOWESS with span width of 240 month"
1940.000,-0.03645,0.03291,-0.03005
1940.083,-0.03183,0.03187,-0.03004
1940.167,-0.03225,0.03120,-0.03003
1940.250,-0.03581,0.03081,-0.03002
1940.333,-0.03721,0.03063,-0.03001
1940.417,-0.03800,0.03104,-0.02999
1940.500,-0.03365,0.03035,-0.02998
1940.583,-0.03594,0.03077,-0.02997
1940.667,-0.03732,0.03075,-0.02996
1940.750,-0.04013,0.03038,-0.02996
1940.833,-0.03858,0.03034,-0.02995
1940.917,-0.04062,0.02998,-0.02994
1941.000,-0.04237,0.03028,-0.02993
1941.083,-0.04124,0.03188,-0.02993
1941.167,-0.04062,0.03274,-0.02992
1941.250,-0.03985,0.03319,-0.02991
1941.333,-0.03664,0.03287,-0.02991
1941.417,-0.04108,0.03336,-0.02990
1941.500,-0.04527,0.03456,-0.02990
1941.583,-0.04256,0.03585,-0.02990
1941.667,-0.04318,0.03685,-0.02989
1941.750,-0.04114,0.03765,-0.02989
1941.833,-0.04053,0.03786,-0.02989
1941.917,-0.04060,0.03873,-0.02989
1942.000,-0.03684,0.03801,-0.02988
1942.083,-0.03907,0.03816,-0.02988
1942.167,-0.03552,0.03929,-0.02988
1942.250,-0.03142,0.03964,-0.02988
1942.333,-0.02884,0.03974,-0.02988
1942.417,-0.02576,0.03806,-0.02988
1942.500,-0.02615,0.03782,-0.02989
1942.583,-0.02558,0.03893,-0.02989
1942.667,-0.02588,0.03996,-0.02989
1942.750,-0.02696,0.04041,-0.02989
1942.833,-0.02720,0.04036,-0.02990
1942.917,-0.02897,0.04004,-0.02990
1943.000,-0.02854,0.03899,-0.02990
1943.083,-0.02666,0.03831,-0.02991
1943.167,-0.01900,0.03908,-0.02991
1943.250,-0.01639,0.04000,-0.02992
1943.333,-0.02614,0.04125,-0.02992
1943.417,-0.02496,0.04147,-0.02993
1943.500,-0.02311,0.04123,-0.02993
1943.583,-0.02244,0.04023,-0.02994
1943.667,-0.02374,0.04105,-0.02995
1943.750,-0.01854,0.04124,-0.02995
1943.833,-0.01974,0.04187,-0.02996
1943.917,-0.02260,0.04201,-0.02997
1944.000,-0.02154,0.04133,-0.02998
1944.083,-0.02174,0.04151,-0.02998
1944.167,-0.02073,0.04141,-0.02999
1944.250,-0.02261,0.04244,-0.03000
1944.333,-0.02237,0.04261,-0.03001
1944.417,-0.02322,0.04238,-0.03002
1944.500,-0.02526,0.04119,-0.03003
1944.583,-0.02103,0.04123,-0.03004
1944.667,-0.02459,0.04098,-0.03004
1944.750,-0.02569,0.04154,-0.03005
1944.833,-0.02637,0.04196,-0.03006
1944.917,-0.02501,0.04189,-0.03007
1945.000,-0.02410,0.04127,-0.03008
1945.083,-0.02949,0.04121,-0.03010
1945.167,-0.03117,0.04139,-0.03011
1945.250,-0.02932,0.04148,-0.03012
1945.333,-0.02981,0.04150,-0.03013
1945.417,-0.02955,0.04109,-0.03014
1945.500,-0.02974,0.04116,-0.03015
1945.583,-0.03299,0.04083,-0.03016
1945.667,-0.03416,0.04054,-0.03017
1945.750,-0.03227,0.04045,-0.03019
1945.833,-0.03298,0.04044,-0.03020
1945.917,-0.03455,0.03978,-0.03021
1946.000,-0.03507,0.03918,-0.03022
1946.083,-0.03408,0.03854,-0.03023
1946.167,-0.03670,0.03641,-0.03025
1946.250,-0.03277,0.03589,-0.03026
1946.333,-0.03315,0.03607,-0.03027
1946.417,-0.03334,0.03577,-0.03028
1946.500,-0.03152,0.03555,-0.03030
1946.583,-0.03553,0.03471,-0.03031
1946.667,-0.03125,0.03426,-0.03032
1946.750,-0.02857,0.03392,-0.03034
1946.833,-0.02816,0.03290,-0.03035
1946.917,-0.02200,0.03223,-0.03036
1947.000,-0.01494,0.03203,-0.03038
1947.083,-0.01690,0.03290,-0.03039
1947.167,-0.01250,0.03221,-0.03040
1947.250,-0.00876,0.03115,-0.03042
1947.333,-0.01051,0.03035,-0.03043
1947.417,-0.01591,0.02902,-0.03045
1947.500,-0.01390,0.02883,-0.03046
1947.583,-0.01653,0.02798,-0.03047
1947.667,-0.01593,0.02881,-0.03049
1947.750,-0.02047,0.02819,-0.03050
1947.833,-0.02112,0.02823,-0.03051
1947.917,-0.01830,0.02813,-0.03053
1948.000,-0.02277,0.02836,-0.03054
1948.083,-0.02335,0.02864,-0.03056
1948.167,-0.02419,0.02778,-0.03057
1948.250,-0.03061,0.02770,-0.03058
1948.333,-0.02918,0.02758,-0.03060
1948.417,-0.02419,0.02724,-0.03061
1948.500,-0.01914,0.02724,-0.03063
1948.583,-0.01990,0.02844,-0.03064
1948.667,-0.01882,0.02936,-0.03066
1948.750,-0.01830,0.02915,-0.03067
1948.833,-0.01984,0.02959,-0.03069
1948.917,-0.02312,0.02965,-0.03071
1949.000,-0.02398,0.02836,-0.03073
1949.083,-0.02749,0.02830,-0.03075
1949.167,-0.02670,0.02832,-0.03077
1949.250,-0.02776,0.02820,-0.03079
1949.333,-0.02769,0.02715,-0.03081
1949.417,-0.02890,0.02744,-0.03084
1949.500,-0.03169,0.02692,-0.03087
1949.583,-0.03622,0.02712,-0.03090
1949.667,-0.03465,0.02718,-0.03093
1949.750,-0.03422,0.02644,-0.03097
1949.833,-0.03715,0.02583,-0.03101
1949.917,-0.03802,0.02538,-0.03106
1950.000,-0.04032,0.02562,-0.03111
1950.083,-0.04248,0.02712,-0.03119
1950.167,-0.04390,0.02716,-0.03128
1950.250,-0.03658,0.02652,-0.03137
1950.333,-0.03821,0.02561,-0.03146
1950.417,-0.04270,0.02438,-0.03156
1950.500,-0.04285,0.02357,-0.03165
1950.583,-0.04091,0.02402,-0.03175
1950.667,-0.03937,0.02389,-0.03185
1950.750,-0.03717,0.02415,-0.03195
1950.833,-0.03990,0.02422,-0.03205
1950.917,-0.03659,0.02422,-0.03216
1951.000,-0.03376,0.02442,-0.03227
1951.083,-0.02466,0.02506,-0.03237
1951.167,-0.02890,0.02497,-0.03248
1951.250,-0.02773,0.02533,-0.03259
1951.333,-0.03119,0.02549,-0.03271
1951.417,-0.02689,0.02563,-0.03282
1951.500,-0.02825,0.02523,-0.03293
1951.583,-0.02670,0.02618,-0.03304
1951.667,-0.02776,0.02645,-0.03316
1951.750,-0.02769,0.02656,-0.03327
1951.833,-0.03489,0.02700,-0.03339
1951.917,-0.03916,0.02805,-0.03350
1952.000,-0.03494,0.02856,-0.03362
1952.083,-0.03478,0.02975,-0.03374
1952.167,-0.02942,0.03015,-0.03385
1952.250,-0.03337,0.02911,-0.03397
1952.333,-0.03532,0.02906,-0.03409
1952.417,-0.04116,0.02792,-0.03420
1952.500,-0.03835,0.02749,-0.03432
1952.583,-0.04133,0.02766,-0.03444
1952.667,-0.03795,0.02786,-0.03456
1952.750,-0.04319,0.02819,-0.03467
1952.833,-0.04518,0.02905,-0.03479
1952.917,-0.03873,0.02896,-0.03491
1953.000,-0.03979,0.02938,-0.03503
1953.083,-0.04038,0.03025,-0.03514
1953.167,-0.03845,0.03064,-0.03526
1953.250,-0.03921,0.03008,-0.03538
1953.333,-0.03652,0.03047,-0.03550
1953.417,-0.03485,0.02945,-0.03561
1953.500,-0.03508,0.02851,-0.03573
1953.583,-0.03039,0.02903,-0.03585
1953.667,-0.03182,0.02884,-0.03596
1953.750,-0.03105,0.02860,-0.03608
1953.833,-0.03092,0.02786,-0.03620
1953.917,-0.02919,0.02751,-0.03632
1954.000,-0.03260,0.02720,-0.03643
1954.083,-0.03555,0.02687,-0.03655
1954.167,-0.03266,0.02695,-0.03667
1954.250,-0.03187,0.02598,-0.03678
1954.333,-0.03423,0.02629,-0.03690
1954.417,-0.03643,0.02592,-0.03702
1954.500,-0.03382,0.02454,-0.03713
1954.583,-0.03646,0.02448,-0.03725
1954.667,-0.03414,0.02514,-0.03736
1954.750,-0.03239,0.02492,-0.03748
1954.833,-0.03945,0.02534,-0.03759
1954.917,-0.04078,0.02537,-0.03771
1955.000,-0.03362,0.02473,-0.03782
1955.083,-0.03641,0.02519,-0.03794
1955.167,-0.03623,0.02563,-0.03805
1955.250,-0.03556,0.02562,-0.03816
1955.333,-0.03564,0.02550,-0.03828
1955.417,-0.03924,0.02501,-0.03839
1955.500,-0.03902,0.02400,-0.03850
1955.583,-0.03632,0.02512,-0.03861
1955.667,-0.02742,0.02567,-0.03872
1955.750,-0.02856,0.02450,-0.03883
1955.833,-0.02779,0.02389,-0.03894
1955.917,-0.03236,0.02304,-0.03905
1956.000,-0.03058,0.02202,-0.03916
1956.083,-0.03620,0.02236,-0.03927
1956.167,-0.03694,0.02194,-0.03937
1956.250,-0.03729,0.02120,-0.03948
1956.333,-0.03878,0.02161,-0.03959
1956.417,-0.04440,0.02159,-0.03969
1956.500,-0.04892,0.02105,-0.03980
1956.583,-0.04734,0.02058,-0.03990
1956.667,-0.04724,0.02070,-0.04001
1956.750,-0.04259,0.02063,-0.04011
1956.833,-0.04405,0.02074,-0.04022
1956.917,-0.04414,0.01983,-0.04032
1957.000,-0.04003,0.01974,-0.04043
1957.083,-0.04041,0.02086,-0.04053
1957.167,-0.04253,0.02011,-0.04064
1957.250,-0.04732,0.01955,-0.04074
1957.333,-0.04828,0.01941,-0.04085
1957.417,-0.04710,0.01908,-0.04096
1957.500,-0.04831,0.01773,-0.04106
1957.583,-0.05110,0.01818,-0.04117
1957.667,-0.04908,0.01876,-0.04127
1957.750,-0.04718,0.01964,-0.04138
1957.833,-0.04551,0.02031,-0.04149
1957.917,-0.04432,0.02024,-0.04160
1958.000,-0.04481,0.02006,-0.04171
1958.083,-0.04739,0.02013,-0.04181
1958.167,-0.04803,0.01994,-0.04192
1958.250,-0.05063,0.01908,-0.04203
1958.333,-0.04404,0.01884,-0.04214
1958.417,-0.04673,0.01851,-0.04225
1958.500,-0.03855,0.01796,-0.04236
1958.583,-0.03858,0.01948,-0.04247
1958.667,-0.04272,0.02032,-0.04258
1958.750,-0.04941,0.02079,-0.04270
1958.833,-0.05079,0.02085,-0.04281
1958.917,-0.04870,0.02016,-0.04292
1959.000,-0.04988,0.01999,-0.04303
1959.083,-0.04552,0.02033,-0.04315
1959.167,-0.04175,0.01938,-0.04326
1959.250,-0.03913,0.01903,-0.04337
1959.333,-0.04229,0.01926,-0.04349
1959.417,-0.04305,0.01852,-0.04360
1959.500,-0.04447,0.01795,-0.04372
1959.583,-0.04309,0.01807,-0.04383
1959.667,-0.04028,0.01849,-0.04394
1959.750,-0.04125,0.01856,-0.04406
1959.833,-0.04081,0.01747,-0.04417
1959.917,-0.03964,0.01622,-0.04429
1960.000,-0.03919,0.01562,-0.04440
1960.083,-0.03480,0.01590,-0.04451
1960.167,-0.03935,0.01582,-0.04463
1960.250,-0.04146,0.01623,-0.04474
1960.333,-0.04009,0.01617,-0.04485
1960.417,-0.04167,0.01580,-0.04496
1960.500,-0.04447,0.01548,-0.04507
1960.583,-0.04276,0.01597,-0.04518
1960.667,-0.04111,0.01647,-0.04529
1960.750,-0.03813,0.01669,-0.04540
1960.833,-0.03394,0.01703,-0.04550
1960.917,-0.03750,0.01689,-0.04561
1961.000,-0.03920,0.01663,-0.04572
1961.083,-0.04444,0.01789,-0.04582
1961.167,-0.04641,0.01832,-0.04592
1961.250,-0.04608,0.01889,-0.04602
1961.333,-0.04782,0.01862,-0.04613
1961.417,-0.04846,0.01856,-0.04623
1961.500,-0.04570,0.01780,-0.04632
1961.583,-0.04384,0.01865,-0.04642
1961.667,-0.04967,0.01942,-0.04652
1961.750,-0.05413,0.01939,-0.04662
1961.833,-0.05410,0.01863,-0.04671
1961.917,-0.05178,0.01876,-0.04680
1962.000,-0.04304,0.01812,-0.04690
1962.083,-0.04403,0.01759,-0.04699
1962.167,-0.03801,0.01765,-0.04708
1962.250,-0.03965,0.01717,-0.04717
1962.333,-0.04429,0.01683,-0.04725
1962.417,-0.04348,0.01673,-0.04734
1962.500,-0.04561,0.01657,-0.04743
1962.583,-0.04515,0.01645,-0.04751
1962.667,-0.04604,0.01653,-0.04759
1962.750,-0.04683,0.01676,-0.04767
1962.833,-0.04641,0.01716,-0.04775
1962.917,-0.04778,0.01762,-0.04783
1963.000,-0.04244,0.01696,-0.04791
1963.083,-0.04714,0.01733,-0.04798
1963.167,-0.05119,0.01699,-0.04806
1963.250,-0.05136,0.01719,-0.04813
1963.333,-0.04982,0.01709,-0.04820
1963.417,-0.04713,0.01671,-0.04828
1963.500,-0.04867,0.01585,-0.04835
1963.583,-0.04968,0.01605,-0.04841
1963.667,-0.04661,0.01578,-0.04848
1963.750,-0.04743,0.01478,-0.04855
1963.833,-0.05056,0.01410,-0.04861
1963.917,-0.05001,0.01368,-0.04868
1964.000,-0.04883,0.01384,-0.04874
1964.083,-0.04618,0.01451,-0.04881
1964.167,-0.04693,0.01464,-0.04887
1964.250,-0.04794,0.01458,-0.04893
1964.333,-0.05373,0.01479,-0.04899
1964.417,-0.05111,0.01424,-0.04905
1964.500,-0.05194,0.01420,-0.04911
1964.583,-0.05526,0.01413,-0.04917
1964.667,-0.05391,0.01465,-0.04923
1964.750,-0.05659,0.01417,-0.04929
1964.833,-0.05097,0.01415,-0.04934
1964.917,-0.05535,0.01380,-0.04940
1965.000,-0.05184,0.01397,-0.04945
1965.083,-0.05487,0.01409,-0.04951
1965.167,-0.05653,0.01381,-0.04956
1965.250,-0.05467,0.01351,-0.04962
1965.333,-0.05497,0.01406,-0.04967
1965.417,-0.05976,0.01370,-0.04972
1965.500,-0.06239,0.01303,-0.04978
1965.583,-0.06231,0.01295,-0.04983
1965.667,-0.05962,0.01343,-0.04988
1965.750,-0.06011,0.01289,-0.04993
1965.833,-0.06164,0.01303,-0.04999
1965.917,-0.06182,0.01341,-0.05004
1966.000,-0.06228,0.01307,-0.05009
1966.083,-0.05886,0.01294,-0.05014
1966.167,-0.05595,0.01332,-0.05019
1966.250,-0.05429,0.01363,-0.05024
1966.333,-0.05463,0.01355,-0.05029
1966.417,-0.05370,0.01335,-0.05035
1966.500,-0.05126,0.01288,-0.05040
1966.583,-0.05364,0.01320,-0.05045
1966.667,-0.05305,0.01360,-0.05049
1966.750,-0.05023,0.01341,-0.05054
1966.833,-0.04379,0.01328,-0.05059
1966.917,-0.04578,0.01303,-0.05064
1967.000,-0.04276,0.01298,-0.05069
1967.083,-0.03856,0.01311,-0.05073
1967.167,-0.03858,0.01342,-0.05078
1967.250,-0.04312,0.01298,-0.05082
1967.333,-0.04574,0.01305,-0.05087
1967.417,-0.04508,0.01295,-0.05091
1967.500,-0.05090,0.01232,-0.05095
1967.583,-0.05379,0.01269,-0.05099
1967.667,-0.06104,0.01357,-0.05103
1967.750,-0.05840,0.01325,-0.05107
1967.833,-0.05954,0.01341,-0.05111
1967.917,-0.06132,0.01336,-0.05115
1968.000,-0.05837,0.01303,-0.05118
1968.083,-0.05311,0.01279,-0.05121
1968.167,-0.05289,0.01284,-0.05125
1968.250,-0.04970,0.01273,-0.05128
1968.333,-0.04749,0.01231,-0.05131
1968.417,-0.05116,0.01170,-0.05133
1968.500,-0.04887,0.01114,-0.05136
1968.583,-0.05347,0.01103,-0.05139
1968.667,-0.05329,0.01166,-0.05141
1968.750,-0.05121,0.01147,-0.05143
1968.833,-0.05181,0.01151,-0.05145
1968.917,-0.05470,0.01144,-0.05147
1969.000,-0.05438,0.01143,-0.05149
1969.083,-0.05660,0.01166,-0.05150
1969.167,-0.05520,0.01174,-0.05151
1969.250,-0.05675,0.01140,-0.05152
1969.333,-0.05239,0.01105,-0.05153
1969.417,-0.05019,0.01067,-0.05154
1969.500,-0.05119,0.01065,-0.05155
1969.583,-0.04878,0.01108,-0.05155
1969.667,-0.05119,0.01124,-0.05155
1969.750,-0.05190,0.01120,-0.05155
1969.833,-0.04938,0.01140,-0.05155
1969.917,-0.04746,0.01162,-0.05155
1970.000,-0.04572,0.01152,-0.05154
1970.083,-0.04801,0.01177,-0.05153
1970.167,-0.04947,0.01177,-0.05153
1970.250,-0.05003,0.01176,-0.05152
1970.333,-0.04711,0.01176,-0.05150
1970.417,-0.04516,0.01122,-0.05149
1970.500,-0.04550,0.01087,-0.05148
1970.583,-0.04512,0.01131,-0.05146
1970.667,-0.05084,0.01175,-0.05144
1970.750,-0.05174,0.01143,-0.05142
1970.833,-0.05135,0.01108,-0.05140
1970.917,-0.05332,0.01123,-0.05138
1971.000,-0.05470,0.01167,-0.05136
1971.083,-0.05540,0.01203,-0.05133
1971.167,-0.05407,0.01191,-0.05130
1971.250,-0.05555,0.01188,-0.05128
1971.333,-0.05681,0.01216,-0.05125
1971.417,-0.05574,0.01183,-0.05122
1971.500,-0.05203,0.01143,-0.05118
1971.583,-0.04971,0.01155,-0.05115
1971.667,-0.04568,0.01213,-0.05112
1971.750,-0.04586,0.01224,-0.05108
1971.833,-0.04605,0.01222,-0.05104
1971.917,-0.04737,0.01243,-0.05100
1972.000,-0.05162,0.01207,-0.05096
1972.083,-0.05280,0.01184,-0.05092
1972.167,-0.05324,0.01183,-0.05087
1972.250,-0.05711,0.01185,-0.05083
1972.333,-0.05905,0.01161,-0.05078
1972.417,-0.05659,0.01137,-0.05073
1972.500,-0.05272,0.01096,-0.05068
1972.583,-0.05656,0.01142,-0.05062
1972.667,-0.05574,0.01178,-0.05057
1972.750,-0.05233,0.01224,-0.05051
1972.833,-0.05363,0.01232,-0.05046
1972.917,-0.05406,0.01227,-0.05040
1973.000,-0.05362,0.01205,-0.05034
1973.083,-0.05482,0.01240,-0.05027
1973.167,-0.05287,0.01272,-0.05021
1973.250,-0.05224,0.01295,-0.05014
1973.333,-0.05029,0.01348,-0.05008
1973.417,-0.04846,0.01339,-0.05001
1973.500,-0.04881,0.01292,-0.04994
1973.583,-0.04903,0.01332,-0.04986
1973.667,-0.04822,0.01326,-0.04979
1973.750,-0.04873,0.01322,-0.04971
1973.833,-0.04887,0.01328,-0.04964
1973.917,-0.04498,0.01316,-0.04956
1974.000,-0.04729,0.01268,-0.04948
1974.083,-0.04812,0.01252,-0.04940
1974.167,-0.04800,0.01240,-0.04932
1974.250,-0.04907,0.01252,-0.04923
1974.333,-0.04595,0.01224,-0.04915
1974.417,-0.05263,0.01215,-0.04906
1974.500,-0.05366,0.01210,-0.04898
1974.583,-0.05481,0.01290,-0.04889
1974.667,-0.05492,0.01345,-0.04880
1974.750,-0.05106,0.01381,-0.04871
1974.833,-0.05066,0.01424,-0.04862
1974.917,-0.05213,0.01460,-0.04853
1975.000,-0.05726,0.01392,-0.04843
1975.083,-0.05937,0.01395,-0.04834
1975.167,-0.05251,0.01366,-0.04825
1975.250,-0.05183,0.01309,-0.04815
1975.333,-0.05240,0.01274,-0.04806
1975.417,-0.05295,0.01229,-0.04796
1975.500,-0.05349,0.01213,-0.04786
1975.583,-0.05251,0.01227,-0.04777
1975.667,-0.05014,0.01264,-0.04767
1975.750,-0.04759,0.01320,-0.04757
1975.833,-0.04888,0.01333,-0.04747
1975.917,-0.04917,0.01329,-0.04737
1976.000,-0.04770,0.01253,-0.04726
1976.083,-0.04868,0.01283,-0.04716
1976.167,-0.04433,0.01244,-0.04706
1976.250,-0.04629,0.01245,-0.04695
1976.333,-0.04725,0.01241,-0.04685
1976.417,-0.05122,0.01222,-0.04674
1976.500,-0.04842,0.01161,-0.04663
1976.583,-0.04568,0.01161,-0.04652
1976.667,-0.04409,0.01148,-0.04641
1976.750,-0.04627,0.01104,-0.04630
1976.833,-0.04881,0.01089,-0.04619
1976.917,-0.04839,0.01090,-0.04608
1977.000,-0.04841,0.01070,-0.04596
1977.083,-0.05149,0.01056,-0.04585
1977.167,-0.05246,0.01056,-0.04573
1977.250,-0.04817,0.01108,-0.04561
1977.333,-0.04936,0.01115,-0.04549
1977.417,-0.05421,0.01094,-0.04538
1977.500,-0.05237,0.01046,-0.04525
1977.583,-0.04972,0.01058,-0.04513
1977.667,-0.05234,0.01115,-0.04501
1977.750,-0.04757,0.01119,-0.04489
1977.833,-0.04645,0.01160,-0.04476
1977.917,-0.04590,0.01151,-0.04464
1978.000,-0.04704,0.01154,-0.04451
1978.083,-0.04270,0.01174,-0.04438
1978.167,-0.03863,0.01191,-0.04425
1978.250,-0.03863,0.01187,-0.04412
1978.333,-0.03825,0.01235,-0.04399
1978.417,-0.03904,0.01192,-0.04386
1978.500,-0.04161,0.01193,-0.04372
1978.583,-0.04620,0.01222,-0.04359
1978.667,-0.04912,0.01259,-0.04345
1978.750,-0.04637,0.01218,-0.04331
1978.833,-0.04688,0.01190,-0.04317
1978.917,-0.04948,0.01170,-0.04304
1979.000,-0.04437,0.01125,-0.04290
1979.083,-0.04874,0.01118,-0.04276
1979.167,-0.05212,0.01117,-0.04262
1979.250,-0.05095,0.01076,-0.04247
1979.333,-0.04918,0.01119,-0.04233
1979.417,-0.04754,0.01120,-0.04219
1979.500,-0.04838,0.01135,-0.04205
1979.583,-0.04608,0.01167,-0.04190
1979.667,-0.04041,0.01219,-0.04176
1979.750,-0.04540,0.01249,-0.04162
1979.833,-0.04384,0.01244,-0.04147
1979.917,-0.04272,0.01217,-0.04133
1980.000,-0.04394,0.01160,-0.04119
1980.083,-0.04272,0.01142,-0.04104
1980.167,-0.04326,0.01141,-0.04090
1980.250,-0.04472,0.01161,-0.04075
1980.333,-0.04623,0.01189,-0.04061
1980.417,-0.04667,0.01146,-0.04047
1980.500,-0.04430,0.01154,-0.04032
1980.583,-0.04021,0.01223,-0.04018
1980.667,-0.03721,0.01318,-0.04004
1980.750,-0.03123,0.01288,-0.03990
1980.833,-0.03198,0.01365,-0.03975
1980.917,-0.03141,0.01353,-0.03961
1981.000,-0.03293,0.01275,-0.03947
1981.083,-0.03198,0.01266,-0.03933
1981.167,-0.03324,0.01192,-0.03919
1981.250,-0.03414,0.01211,-0.03904
1981.333,-0.03596,0.01217,-0.03890
1981.417,-0.03588,0.01251,-0.03876
1981.500,-0.03136,0.01287,-0.03862
1981.583,-0.02905,0.01366,-0.03848
1981.667,-0.02950,0.01484,-0.03834
1981.750,-0.02905,0.01536,-0.03820
1981.833,-0.03038,0.01529,-0.03806
1981.917,-0.02813,0.01483,-0.03792
1982.000,-0.02526,0.01448,-0.03778
1982.083,-0.02633,0.01455,-0.03764
1982.167,-0.02516,0.01451,-0.03750
1982.250,-0.02944,0.01509,-0.03736
1982.333,-0.02824,0.01449,-0.03721
1982.417,-0.02776,0.01343,-0.03707
1982.500,-0.02834,0.01322,-0.03693
1982.583,-0.02892,0.01330,-0.03679
1982.667,-0.03299,0.01344,-0.03665
1982.750,-0.03334,0.01288,-0.03651
1982.833,-0.03496,0.01285,-0.03637
1982.917,-0.04001,0.01309,-0.03623
1983.000,-0.04260,0.01311,-0.03609
1983.083,-0.04194,0.01279,-0.03595
1983.167,-0.04106,0.01295,-0.03581
1983.250,-0.04090,0.01316,-0.03567
1983.333,-0.04235,0.01342,-0.03552
1983.417,-0.04101,0.01325,-0.03539
1983.500,-0.03403,0.01306,-0.03525
1983.583,-0.03448,0.01385,-0.03511
1983.667,-0.03761,0.01440,-0.03497
1983.750,-0.04002,0.01503,-0.03483
1983.833,-0.04211,0.01548,-0.03469
1983.917,-0.03730,0.01484,-0.03455
1984.000,-0.03912,0.01443,-0.03442
1984.083,-0.03687,0.01433,-0.03428
1984.167,-0.03931,0.01369,-0.03415
1984.250,-0.04204,0.01368,-0.03401
1984.333,-0.04391,0.01371,-0.03388
1984.417,-0.04171,0.01293,-0.03375
1984.500,-0.03870,0.01133,-0.03362
1984.583,-0.04267,0.01197,-0.03348
1984.667,-0.04107,0.01208,-0.03335
1984.750,-0.04072,0.01206,-0.03322
1984.833,-0.03691,0.01140,-0.03310
1984.917,-0.03404,0.01062,-0.03297
1985.000,-0.03338,0.01032,-0.03284
1985.083,-0.03374,0.01004,-0.03271
1985.167,-0.03082,0.00993,-0.03259
1985.250,-0.02610,0.01019,-0.03246
1985.333,-0.02444,0.01013,-0.03234
1985.417,-0.02397,0.01072,-0.03221
1985.500,-0.02466,0.01069,-0.03209
1985.583,-0.02600,0.01157,-0.03197
1985.667,-0.02540,0.01272,-0.03185
1985.750,-0.02432,0.01325,-0.03172
1985.833,-0.02333,0.01288,-0.03160
1985.917,-0.02063,0.01247,-0.03148
1986.000,-0.02058,0.01195,-0.03136
1986.083,-0.02156,0.01194,-0.03124
1986.167,-0.02039,0.01143,-0.03113
1986.250,-0.02215,0.01081,-0.03101
1986.333,-0.02675,0.01106,-0.03089
1986.417,-0.02656,0.01083,-0.03077
1986.500,-0.02497,0.01009,-0.03066
1986.583,-0.02455,0.01030,-0.03054
1986.667,-0.02548,0.01074,-0.03042
1986.750,-0.02529,0.01085,-0.03031
1986.833,-0.02688,0.01147,-0.03019
1986.917,-0.02828,0.01153,-0.03008
1987.000,-0.02898,0.01128,-0.02996
1987.083,-0.02990,0.01100,-0.02985
1987.167,-0.03063,0.01092,-0.02973
1987.250,-0.02788,0.01093,-0.02962
1987.333,-0.02772,0.01125,-0.02950
1987.417,-0.02715,0.01097,-0.02938
1987.500,-0.02552,0.01057,-0.02927
1987.583,-0.02538,0.01114,-0.02915
1987.667,-0.02557,0.01104,-0.02904
1987.750,-0.02917,0.01092,-0.02892
1987.833,-0.02946,0.01117,-0.02881
1987.917,-0.03155,0.01095,-0.02869
1988.000,-0.03231,0.01052,-0.02857
1988.083,-0.03491,0.01079,-0.02846
1988.167,-0.03963,0.01052,-0.02834
1988.250,-0.03532,0.01052,-0.02822
1988.333,-0.03484,0.01069,-0.02811
1988.417,-0.03426,0.01031,-0.02799
1988.500,-0.03399,0.01002,-0.02788
1988.583,-0.03711,0.01055,-0.02776
1988.667,-0.03606,0.01121,-0.02764
1988.750,-0.03787,0.01197,-0.02753
1988.833,-0.03973,0.01225,-0.02741
1988.917,-0.03728,0.01233,-0.02730
1989.000,-0.03519,0.01181,-0.02718
1989.083,-0.03249,0.01164,-0.02707
1989.167,-0.02943,0.01172,-0.02695
1989.250,-0.02760,0.01157,-0.02683
1989.333,-0.02603,0.01196,-0.02672
1989.417,-0.02598,0.01195,-0.02660
1989.500,-0.02496,0.01171,-0.02649
1989.583,-0.02561,0.01186,-0.02637
1989.667,-0.02577,0.01207,-0.02625
1989.750,-0.02597,0.01173,-0.02614
1989.833,-0.02828,0.01114,-0.02602
1989.917,-0.03266,0.01157,-0.02590
1990.000,-0.03295,0.01115,-0.02579
1990.083,-0.03164,0.01116,-0.02567
1990.167,-0.03166,0.01113,-0.02555
1990.250,-0.03407,0.01138,-0.02543
1990.333,-0.03022,0.01185,-0.02531
1990.417,-0.02851,0.01117,-0.02520
1990.500,-0.02632,0.01039,-0.02508
1990.583,-0.02102,0.01147,-0.02496
1990.667,-0.01831,0.01150,-0.02484
1990.750,-0.01471,0.01162,-0.02472
1990.833,-0.01482,0.01176,-0.02460
1990.917,-0.01297,0.01196,-0.02447
1991.000,-0.01222,0.01179,-0.02435
1991.083,-0.01039,0.01110,-0.02423
1991.167,-0.01566,0.01070,-0.02411
1991.250,-0.01859,0.01064,-0.02399
1991.333,-0.02012,0.01002,-0.02387
1991.417,-0.02416,0.00971,-0.02374
1991.500,-0.02635,0.00970,-0.02362
1991.583,-0.02356,0.01055,-0.02350
1991.667,-0.02520,0.01113,-0.02337
1991.750,-0.02582,0.01139,-0.02325
1991.833,-0.02145,0.01211,-0.02313
1991.917,-0.02268,0.01243,-0.02300
1992.000,-0.02023,0.01239,-0.02288
1992.083,-0.02564,0.01258,-0.02276
1992.167,-0.02487,0.01277,-0.02264
1992.250,-0.02101,0.01266,-0.02251
1992.333,-0.02132,0.01249,-0.02239
1992.417,-0.01624,0.01140,-0.02227
1992.500,-0.02382,0.01070,-0.02214
1992.583,-0.02536,0.01067,-0.02202
1992.667,-0.02938,0.01050,-0.02190
1992.750,-0.03053,0.01043,-0.02177
1992.833,-0.02840,0.01060,-0.02165
1992.917,-0.02805,0.01048,-0.02152
1993.000,-0.02760,0.01047,-0.02140
1993.083,-0.02370,0.01000,-0.02128
1993.167,-0.02365,0.00955,-0.02115
1993.250,-0.02431,0.00907,-0.02103
1993.333,-0.02328,0.00876,-0.02090
1993.417,-0.02584,0.00850,-0.02077
1993.500,-0.02788,0.00862,-0.02065
1993.583,-0.02725,0.00890,-0.02052
1993.667,-0.02303,0.00918,-0.02039
1993.750,-0.02317,0.00886,-0.02026
1993.833,-0.02445,0.00903,-0.02013
1993.917,-0.02178,0.00887,-0.02000
1994.000,-0.01921,0.00855,-0.01987
1994.083,-0.01816,0.00882,-0.01974
1994.167,-0.01940,0.00879,-0.01961
1994.250,-0.01651,0.00897,-0.01947
1994.333,-0.01801,0.00858,-0.01934
1994.417,-0.02234,0.00885,-0.01920
1994.500,-0.02305,0.00883,-0.01907
1994.583,-0.01940,0.00870,-0.01893
1994.667,-0.01983,0.00888,-0.01879
1994.750,-0.02023,0.00900,-0.01865
1994.833,-0.02026,0.00838,-0.01851
1994.917,-0.02278,0.00788,-0.01837
1995.000,-0.01588,0.00722,-0.01823
1995.083,-0.01539,0.00727,-0.01808
1995.167,-0.01635,0.00707,-0.01794
1995.250,-0.01747,0.00724,-0.01779
1995.333,-0.01687,0.00742,-0.01765
1995.417,-0.01396,0.00795,-0.01750
1995.500,-0.01202,0.00816,-0.01735
1995.583,-0.00998,0.00826,-0.01720
1995.667,-0.00966,0.00832,-0.01705
1995.750,-0.01223,0.00864,-0.01690
1995.833,-0.01429,0.00883,-0.01675
1995.917,-0.01325,0.00913,-0.01660
1996.000,-0.00637,0.00914,-0.01645
1996.083,-0.00389,0.00939,-0.01630
1996.167,-0.00327,0.00982,-0.01615
1996.250,-0.00296,0.00982,-0.01600
1996.333,-0.00552,0.01054,-0.01585
1996.417,-0.00572,0.01133,-0.01570
1996.500,-0.01134,0.01180,-0.01555
1996.583,-0.01247,0.01204,-0.01539
1996.667,-0.01416,0.01219,-0.01524
1996.750,-0.01513,0.01252,-0.01509
1996.833,-0.01889,0.01270,-0.01494
1996.917,-0.01967,0.01212,-0.01479
1997.000,-0.01735,0.01161,-0.01464
1997.083,-0.01588,0.01132,-0.01449
1997.167,-0.01499,0.01108,-0.01434
1997.250,-0.01373,0.01047,-0.01419
1997.333,-0.01282,0.01098,-0.01404
1997.417,-0.01085,0.01148,-0.01389
1997.500,-0.01567,0.01141,-0.01374
1997.583,-0.02032,0.01121,-0.01360
1997.667,-0.02091,0.01119,-0.01345
1997.750,-0.02341,0.01105,-0.01330
1997.833,-0.02234,0.01131,-0.01316
1997.917,-0.02061,0.01140,-0.01301
1998.000,-0.02159,0.01079,-0.01287
1998.083,-0.02148,0.01049,-0.01272
1998.167,-0.02352,0.01074,-0.01258
1998.250,-0.02168,0.01026,-0.01244
1998.333,-0.01818,0.00969,-0.01230
1998.417,-0.01540,0.00985,-0.01216
1998.500,-0.01439,0.01010,-0.01202
1998.583,-0.01398,0.01054,-0.01188
1998.667,-0.01443,0.01059,-0.01174
1998.750,-0.01137,0.01037,-0.01160
1998.833,-0.01144,0.01008,-0.01147
1998.917,-0.01473,0.01047,-0.01133
1999.000,-0.01060,0.01052,-0.01120
1999.083,-0.00946,0.01003,-0.01106
1999.167,-0.01213,0.00978,-0.01093
1999.250,-0.01225,0.01059,-0.01080
1999.333,-0.00786,0.01045,-0.01067
1999.417,-0.00393,0.01048,-0.01054
1999.500,-0.00496,0.01051,-0.01041
1999.583,-0.00757,0.01040,-0.01029
1999.667,-0.00846,0.01009,-0.01016
1999.750,-0.01277,0.00973,-0.01004
1999.833,-0.01288,0.00938,-0.00992
1999.917,-0.01058,0.00952,-0.00979
2000.000,-0.01144,0.00959,-0.00968
2000.083,-0.01232,0.01006,-0.00956
2000.167,-0.01256,0.01004,-0.00944
2000.250,-0.00956,0.00967,-0.00933
2000.333,-0.00533,0.00887,-0.00921
2000.417,-0.00813,0.00794,-0.00910
2000.500,-0.00782,0.00774,-0.00899
2000.583,-0.00842,0.00793,-0.00888
2000.667,-0.00387,0.00793,-0.00878
2000.750,-0.00385,0.00791,-0.00867
2000.833,-0.00842,0.00790,-0.00857
2000.917,-0.00918,0.00759,-0.00847
2001.000,-0.00925,0.00747,-0.00837
2001.083,-0.00896,0.00761,-0.00827
2001.167,-0.00829,0.00787,-0.00818
2001.250,-0.00817,0.00825,-0.00809
2001.333,-0.00681,0.00802,-0.00800
2001.417,-0.00535,0.00792,-0.00791
2001.500,-0.00262,0.00783,-0.00782
2001.583,-0.00253,0.00814,-0.00773
2001.667,-0.00184,0.00845,-0.00765
2001.750,-0.00481,0.00866,-0.00757
2001.833,-0.00350,0.00842,-0.00749
2001.917,-0.00086,0.00848,-0.00741
2002.000,-0.00318,0.00833,-0.00733
2002.083,-0.00463,0.00832,-0.00725
2002.167,-0.00397,0.00803,-0.00718
2002.250,-0.00434,0.00757,-0.00711
2002.333,-0.00516,0.00734,-0.00703
2002.417,-0.00671,0.00682,-0.00696
2002.500,-0.00637,0.00652,-0.00689
2002.583,-0.00476,0.00676,-0.00682
2002.667,-0.00367,0.00669,-0.00676
2002.750,-0.00444,0.00638,-0.00669
2002.833,-0.00535,0.00597,-0.00662
2002.917,-0.00286,0.00585,-0.00656
2003.000,0.00091,0.00574,-0.00649
2003.083,0.00128,0.00582,-0.00642
2003.167,0.00035,0.00562,-0.00636
2003.250,-0.00153,0.00563,-0.00629
2003.333,-0.00256,0.00569,-0.00623
2003.417,-0.00560,0.00551,-0.00616
2003.500,-0.00687,0.00526,-0.00610
2003.583,-0.00524,0.00530,-0.00603
2003.667,-0.00617,0.00529,-0.00597
2003.750,-0.00522,0.00536,-0.00591
2003.833,-0.00499,0.00521,-0.00584
2003.917,-0.00332,0.00508,-0.00578
2004.000,-0.00019,0.00511,-0.00571
2004.083,-0.00051,0.00501,-0.00565
2004.167,0.00125,0.00485,-0.00558
2004.250,0.00038,0.00479,-0.00551
2004.333,-0.00239,0.00468,-0.00545
2004.417,-0.00074,0.00449,-0.00538
2004.500,-0.00137,0.00454,-0.00531
2004.583,-0.00068,0.00433,-0.00525
2004.667,0.00035,0.00426,-0.00518
2004.750,-0.00080,0.00417,-0.00511
2004.833,-0.00169,0.00404,-0.00505
2004.917,-0.00139,0.00397,-0.00498
2005.000,-0.00156,0.00399,-0.00491
2005.083,-0.00115,0.00401,-0.00484
2005.167,-0.00265,0.00379,-0.00477
2005.250,-0.00206,0.00391,-0.00470
2005.333,-0.00351,0.00391,-0.00464
2005.417,-0.00337,0.00395,-0.00457
2005.500,-0.00336,0.00403,-0.00450
2005.583,-0.00247,0.00403,-0.00443
2005.667,-0.00077,0.00415,-0.00436
2005.750,0.00031,0.00398,-0.00429
2005.833,0.00167,0.00387,-0.00422
2005.917,0.00397,0.00403,-0.00415
2006.000,0.00636,0.00332,-0.00408
2006.083,0.00664,0.00320,-0.00401
2006.167,0.00536,0.00316,-0.00395
2006.250,0.00607,0.00333,-0.00388
2006.333,0.00358,0.00336,-0.00381
2006.417,0.00236,0.00321,-0.00374
2006.500,0.00166,0.00323,-0.00368
2006.583,0.00071,0.00394,-0.00361
2006.667,-0.00271,0.00373,-0.00355
2006.750,-0.00643,0.00372,-0.00348
2006.833,-0.01037,0.00388,-0.00342
2006.917,-0.00963,0.00358,-0.00335
2007.000,-0.00447,0.00317,-0.00329
2007.083,-0.00489,0.00321,-0.00323
2007.167,-0.00603,0.00295,-0.00317
2007.250,-0.00643,0.00322,-0.00311
2007.333,-0.00674,0.00339,-0.00305
2007.417,-0.00610,0.00366,-0.00299
2007.500,-0.00769,0.00372,-0.00293
2007.583,-0.00521,0.00375,-0.00287
2007.667,-0.00429,0.00373,-0.00282
2007.750,-0.00457,0.00384,-0.00276
2007.833,-0.00727,0.00393,-0.00271
2007.917,-0.00650,0.00362,-0.00265
2008.000,-0.00731,0.00337,-0.00260
2008.083,-0.00850,0.00338,-0.00255
2008.167,-0.01129,0.00337,-0.00249
2008.250,-0.01092,0.00349,-0.00244
2008.333,-0.01104,0.00323,-0.00239
2008.417,-0.01002,0.00286,-0.00234
2008.500,-0.00818,0.00272,-0.00229
2008.583,-0.00983,0.00305,-0.00224
2008.667,-0.00954,0.00295,-0.00219
2008.750,-0.00800,0.00295,-0.00214
2008.833,-0.01124,0.00301,-0.00209
2008.917,-0.00838,0.00315,-0.00205
2009.000,-0.01066,0.00292,-0.00200
2009.083,-0.01116,0.00282,-0.00195
2009.167,-0.01079,0.00272,-0.00191
2009.250,-0.00929,0.00244,-0.00186
2009.333,-0.00809,0.00259,-0.00182
2009.417,-0.00487,0.00267,-0.00177
2009.500,-0.00343,0.00277,-0.00173
2009.583,-0.00394,0.00275,-0.00168
2009.667,-0.00733,0.00300,-0.00164
2009.750,-0.00796,0.00309,-0.00159
2009.833,-0.00966,0.00321,-0.00155
2009.917,-0.00757,0.00304,-0.00151
2010.000,-0.00822,0.00273,-0.00146
2010.083,-0.00816,0.00270,-0.00142
2010.167,-0.00902,0.00229,-0.00138
2010.250,-0.00860,0.00207,-0.00132
2010.333,-0.00649,0.00212,-0.00127
2010.417,-0.00291,0.00199,-0.00121
2010.500,-0.00091,0.00213,-0.00116
2010.583,-0.00318,0.00197,-0.00111
2010.667,-0.00555,0.00222,-0.00106
2010.750,-0.00629,0.00229,-0.00101
2010.833,-0.00673,0.00239,-0.00096
2010.917,-0.00260,0.00236,-0.00092
2011.000,-0.00165,0.00235,-0.00087
2011.083,-0.00195,0.00228,-0.00083
2011.167,-0.00003,0.00219,-0.00078
2011.250,0.00065,0.00217,-0.00074
2011.333,0.00287,0.00233,-0.00070
2011.417,0.00610,0.00217,-0.00065
2011.500,0.00848,0.00210,-0.00061
2011.583,0.00868,0.00205,-0.00057
2011.667,0.00642,0.00184,-0.00053
2011.750,0.00678,0.00186,-0.00049
2011.833,0.00448,0.00202,-0.00045
2011.917,0.00684,0.00222,-0.00040
2012.000,0.00583,0.00217,-0.00036
2012.083,0.00526,0.00216,-0.00032
2012.167,0.00518,0.00214,-0.00028
2012.250,0.00445,0.00208,-0.00024
2012.333,0.00362,0.00217,-0.00020
2012.417,0.00155,0.00219,-0.00016
2012.500,0.00036,0.00210,-0.00012
2012.583,0.00012,0.00203,-0.00008
2012.667,-0.00014,0.00195,-0.00003
2012.750,-0.00103,0.00187,0.00001
2012.833,-0.00190,0.00206,0.00005
2012.917,-0.00088,0.00190,0.00009
2013.000,0.00056,0.00204,0.00013
2013.083,0.00187,0.00195,0.00017
2013.167,0.00094,0.00210,0.00022
2013.250,0.00209,0.00230,0.00026
2013.333,0.00394,0.00226,0.00030
2013.417,0.00692,0.00224,0.00034
2013.500,0.00562,0.00204,0.00038
2013.583,0.00660,0.00211,0.00043
2013.667,0.00510,0.00212,0.00047
2013.750,0.00430,0.00207,0.00051
2013.833,0.00385,0.00189,0.00056
2013.917,0.00282,0.00196,0.00060
2014.000,-0.00287,0.00216,0.00064
2014.083,-0.00367,0.00240,0.00069
2014.167,-0.00353,0.00236,0.00073
2014.250,0.00009,0.00252,0.00077
2014.333,0.00284,0.00259,0.00082
2014.417,0.00393,0.00225,0.00086
2014.500,0.00348,0.00212,0.00090
2014.583,0.00598,0.00222,0.00095
2014.667,0.00770,0.00229,0.00099
2014.750,0.00941,0.00239,0.00104
2014.833,0.00700,0.00245,0.00108
2014.917,0.00894,0.00233,0.00113
2015.000,0.00871,0.00228,0.00117
2015.083,0.00860,0.00219,0.00122
2015.167,0.01014,0.00226,0.00126
2015.250,0.00986,0.00238,0.00131
2015.333,0.00673,0.00245,0.00135
2015.417,0.00687,0.00257,0.00140
2015.500,0.00460,0.00252,0.00144
2015.583,0.00285,0.00214,0.00149
2015.667,0.00075,0.00224,0.00153
2015.750,-0.00138,0.00253,0.00158
2015.833,-0.00603,0.00275,0.00162
2015.917,-0.00572,0.00266,0.00167
2016.000,-0.00257,0.00278,0.00172
2016.083,-0.00175,0.00280,0.00176
2016.167,-0.00137,0.00290,0.00181
2016.250,0.00138,0.00291,0.00185
2016.333,0.00111,0.00299,0.00190
2016.417,0.00234,0.00303,0.00194
2016.500,0.00090,0.00297,0.00199
2016.583,0.00043,0.00306,0.00204
2016.667,-0.00051,0.00288,0.00208
2016.750,-0.00131,0.00271,0.00213
2016.833,-0.00263,0.00283,0.00217
2016.917,0.00347,0.00298,0.00222
2017.000,0.00367,0.00304,0.00226
2017.083,0.00764,0.00281,0.00231
2017.167,0.00745,0.00263,0.00236
2017.250,0.00902,0.00243,0.00240
2017.333,0.00766,0.00235,0.00245
2017.417,0.00773,0.00245,0.00249
2017.500,0.00306,0.00263,0.00254
2017.583,0.00414,0.00249,0.00258
2017.667,0.00515,0.00243,0.00263
2017.750,0.00765,0.00250,0.00268
2017.833,0.00728,0.00262,0.00272
2017.917,0.00775,0.00268,0.00277
2018.000,0.00547,0.00269,0.00281
2018.083,0.00465,0.00246,0.00286
2018.167,0.00387,0.00243,0.00290
2018.250,0.00209,0.00257,0.00295
2018.333,-0.00191,0.00273,0.00299
2018.417,-0.00053,0.00275,0.00304
2018.500,0.00101,0.00268,0.00308
2018.583,0.00400,0.00271,0.00313
2018.667,0.00305,0.00284,0.00317
2018.750,0.00565,0.00291,0.00322
2018.833,0.00675,0.00267,0.00326
2018.917,0.00796,0.00295,0.00331
2019.000,0.00766,0.00291,0.00335
2019.083,0.00573,0.00292,0.00339
2019.167,0.00049,0.00298,0.00344
2019.250,0.00136,0.00330,0.00348
2019.333,0.00112,0.00317,0.00353
2019.417,0.00057,0.00341,0.00357
2019.500,0.00038,0.00320,0.00361
2019.583,0.00066,0.00335,0.00366
2019.667,-0.00158,0.00363,0.00370
2019.750,-0.00283,0.00373,0.00374
2019.833,-0.00509,0.00387,0.00378